1396915855	BTCUSDT	30520.26	0.00060	2022-06-09 10:37:00	1
1396915856	BTCUSDT	30520.27	0.00042	2022-06-09 10:37:00	0
1396915857	BTCUSDT	30520.27	0.00145	2022-06-09 10:37:00	0
1396915858	BTCUSDT	30520.27	0.00090	2022-06-09 10:37:00	0
1396915859	BTCUSDT	30520.27	0.00063	2022-06-09 10:37:00	0
1396915860	BTCUSDT	30520.26	0.00086	2022-06-09 10:37:00	1
1396915861	BTCUSDT	30520.26	0.00109	2022-06-09 10:37:00	1
1396915862	BTCUSDT	30520.26	0.00090	2022-06-09 10:37:00	1
1396915863	BTCUSDT	30520.27	0.00161	2022-06-09 10:37:00	0
1396915864	BTCUSDT	30520.26	0.00083	2022-06-09 10:37:00	1
1396915865	BTCUSDT	30520.27	0.00079	2022-06-09 10:37:00	0
1396915866	BTCUSDT	30520.27	0.00039	2022-06-09 10:37:00	0
1396915867	BTCUSDT	30520.27	0.00112	2022-06-09 10:37:00	0
1396915868	BTCUSDT	30520.26	0.00149	2022-06-09 10:37:00	1
1396915869	BTCUSDT	30520.26	0.00050	2022-06-09 10:37:00	1
1396915870	BTCUSDT	30520.26	0.00041	2022-06-09 10:37:00	1
1396915871	BTCUSDT	30520.27	0.00119	2022-06-09 10:37:00	0
1396915872	BTCUSDT	30520.26	0.00047	2022-06-09 10:37:00	1
1396915873	BTCUSDT	30520.26	0.02500	2022-06-09 10:37:00	1
1396915874	BTCUSDT	30520.26	0.06752	2022-06-09 10:37:00	1
1396915875	BTCUSDT	30520.26	0.01690	2022-06-09 10:37:00	1
1396915876	BTCUSDT	30520.26	0.00810	2022-06-09 10:37:00	1
1396915877	BTCUSDT	30520.26	0.01800	2022-06-09 10:37:00	1
1396915878	BTCUSDT	30520.26	0.03200	2022-06-09 10:37:00	1
1396915879	BTCUSDT	30520.26	0.02500	2022-06-09 10:37:00	1
1396915880	BTCUSDT	30520.26	0.03200	2022-06-09 10:37:00	1
1396915881	BTCUSDT	30520.26	0.01800	2022-06-09 10:37:00	1
1396915882	BTCUSDT	30520.27	0.08483	2022-06-09 10:37:01	0
1396915883	BTCUSDT	30520.26	0.00900	2022-06-09 10:37:01	1
1396915884	BTCUSDT	30520.27	0.13246	2022-06-09 10:37:01	0
1396915885	BTCUSDT	30520.27	0.01768	2022-06-09 10:37:01	0
1396915886	BTCUSDT	30520.27	0.07560	2022-06-09 10:37:01	0
1396915887	BTCUSDT	30520.26	0.00062	2022-06-09 10:37:01	1
1396915888	BTCUSDT	30520.26	0.16177	2022-06-09 10:37:01	1
1396915889	BTCUSDT	30520.26	0.01600	2022-06-09 10:37:01	1
1396915890	BTCUSDT	30520.26	0.00074	2022-06-09 10:37:01	1
1396915891	BTCUSDT	30520.26	0.02000	2022-06-09 10:37:01	1
1396915892	BTCUSDT	30520.26	0.01422	2022-06-09 10:37:01	1
1396915893	BTCUSDT	30520.26	0.00605	2022-06-09 10:37:01	1
1396915894	BTCUSDT	30520.26	0.06438	2022-06-09 10:37:01	1
1396915895	BTCUSDT	30520.26	0.23404	2022-06-09 10:37:01	1
1396915896	BTCUSDT	30520.24	0.00074	2022-06-09 10:37:01	1
1396915897	BTCUSDT	30520.20	0.00036	2022-06-09 10:37:01	1
1396915898	BTCUSDT	30519.89	0.04622	2022-06-09 10:37:01	1
1396915899	BTCUSDT	30519.89	0.23403	2022-06-09 10:37:01	1
1396915900	BTCUSDT	30519.90	0.00054	2022-06-09 10:37:01	0
1396915901	BTCUSDT	30519.89	0.02896	2022-06-09 10:37:01	1
1396915902	BTCUSDT	30519.89	0.00405	2022-06-09 10:37:01	1
1396915903	BTCUSDT	30519.89	0.00765	2022-06-09 10:37:02	1
1396915904	BTCUSDT	30519.90	0.00342	2022-06-09 10:37:02	0
1396915905	BTCUSDT	30519.89	0.00371	2022-06-09 10:37:03	1
1396915906	BTCUSDT	30519.90	0.00456	2022-06-09 10:37:03	0
1396915907	BTCUSDT	30519.89	0.01766	2022-06-09 10:37:03	1
1396915908	BTCUSDT	30519.89	0.00121	2022-06-09 10:37:04	1
1396915909	BTCUSDT	30519.90	0.00160	2022-06-09 10:37:04	0
1396915910	BTCUSDT	30519.89	0.00100	2022-06-09 10:37:06	1
1396915911	BTCUSDT	30519.90	0.00883	2022-06-09 10:37:06	0
1396915912	BTCUSDT	30519.89	0.01476	2022-06-09 10:37:06	1
1396915913	BTCUSDT	30519.90	1.39901	2022-06-09 10:37:06	0
1396915914	BTCUSDT	30519.90	0.20099	2022-06-09 10:37:06	0
1396915915	BTCUSDT	30519.90	0.09901	2022-06-09 10:37:06	0
1396915916	BTCUSDT	30519.90	0.29842	2022-06-09 10:37:06	0
1396915917	BTCUSDT	30520.26	0.00102	2022-06-09 10:37:06	0
1396915918	BTCUSDT	30520.27	0.00266	2022-06-09 10:37:06	0
1396915919	BTCUSDT	30520.27	0.00547	2022-06-09 10:37:06	0
1396915920	BTCUSDT	30520.30	0.01000	2022-06-09 10:37:06	0
1396915921	BTCUSDT	30520.50	0.00226	2022-06-09 10:37:06	0
1396915922	BTCUSDT	30520.50	0.00050	2022-06-09 10:37:06	0
1396915923	BTCUSDT	30520.50	0.00507	2022-06-09 10:37:06	0
1396915924	BTCUSDT	30520.50	0.02780	2022-06-09 10:37:06	0
1396915925	BTCUSDT	30520.50	0.00268	2022-06-09 10:37:06	0
1396915926	BTCUSDT	30520.60	0.01000	2022-06-09 10:37:06	0
1396915927	BTCUSDT	30520.70	0.00150	2022-06-09 10:37:06	0
1396915928	BTCUSDT	30520.70	0.00150	2022-06-09 10:37:06	0
1396915929	BTCUSDT	30520.75	0.00100	2022-06-09 10:37:06	0
1396915930	BTCUSDT	30520.75	0.00300	2022-06-09 10:37:06	0
1396915931	BTCUSDT	30520.75	0.00450	2022-06-09 10:37:06	0
1396915932	BTCUSDT	30520.96	0.00514	2022-06-09 10:37:06	0
1396915933	BTCUSDT	30521.59	0.03049	2022-06-09 10:37:06	0
1396915934	BTCUSDT	30521.70	0.00150	2022-06-09 10:37:06	0
1396915935	BTCUSDT	30521.70	0.00150	2022-06-09 10:37:06	0
1396915936	BTCUSDT	30521.75	0.00100	2022-06-09 10:37:06	0
1396915937	BTCUSDT	30521.75	0.00300	2022-06-09 10:37:06	0
1396915938	BTCUSDT	30521.75	0.00450	2022-06-09 10:37:06	0
1396915939	BTCUSDT	30521.78	0.01779	2022-06-09 10:37:06	0
1396915940	BTCUSDT	30521.75	0.00300	2022-06-09 10:37:07	0
1396915941	BTCUSDT	30521.78	0.00283	2022-06-09 10:37:07	0
1396915942	BTCUSDT	30521.78	0.09873	2022-06-09 10:37:07	0
1396915943	BTCUSDT	30521.78	0.26041	2022-06-09 10:37:07	0
1396915944	BTCUSDT	30521.78	0.24746	2022-06-09 10:37:07	0
1396915945	BTCUSDT	30521.78	0.25867	2022-06-09 10:37:07	0
1396915946	BTCUSDT	30521.78	0.27657	2022-06-09 10:37:07	0
1396915947	BTCUSDT	30521.78	0.38844	2022-06-09 10:37:07	0
1396915948	BTCUSDT	30521.78	0.00518	2022-06-09 10:37:07	0
1396915949	BTCUSDT	30521.78	0.01600	2022-06-09 10:37:07	0
1396915950	BTCUSDT	30521.95	0.00252	2022-06-09 10:37:07	0
1396915951	BTCUSDT	30521.99	0.01000	2022-06-09 10:37:07	0
1396915952	BTCUSDT	30522.69	0.02372	2022-06-09 10:37:07	1
1396915953	BTCUSDT	30522.69	0.01628	2022-06-09 10:37:07	1
1396915954	BTCUSDT	30522.69	0.02965	2022-06-09 10:37:07	1
1396915955	BTCUSDT	30522.69	0.01972	2022-06-09 10:37:07	1
1396915956	BTCUSDT	30522.69	0.06564	2022-06-09 10:37:07	1
1396915957	BTCUSDT	30522.69	0.06564	2022-06-09 10:37:07	1
1396915958	BTCUSDT	30522.70	0.00150	2022-06-09 10:37:07	0
1396915959	BTCUSDT	30522.75	0.00300	2022-06-09 10:37:07	0
1396915960	BTCUSDT	30522.75	0.00450	2022-06-09 10:37:07	0
1396915961	BTCUSDT	30522.75	0.00300	2022-06-09 10:37:07	0
1396915962	BTCUSDT	30522.94	0.01002	2022-06-09 10:37:07	0
1396915963	BTCUSDT	30523.36	0.01000	2022-06-09 10:37:07	0
1396915964	BTCUSDT	30523.70	0.00150	2022-06-09 10:37:07	0
1396915965	BTCUSDT	30523.75	0.00300	2022-06-09 10:37:07	0
1396915966	BTCUSDT	30523.75	0.00450	2022-06-09 10:37:07	0
1396915967	BTCUSDT	30523.75	0.00300	2022-06-09 10:37:07	0
1396915968	BTCUSDT	30524.70	0.00150	2022-06-09 10:37:07	0
1396915969	BTCUSDT	30524.75	0.00300	2022-06-09 10:37:07	0
1396915970	BTCUSDT	30524.75	0.00450	2022-06-09 10:37:07	0
1396915971	BTCUSDT	30524.75	0.00300	2022-06-09 10:37:07	0
1396915972	BTCUSDT	30524.76	0.00036	2022-06-09 10:37:07	0
1396915973	BTCUSDT	30525.69	0.30000	2022-06-09 10:37:07	0
1396915974	BTCUSDT	30527.44	0.03600	2022-06-09 10:37:07	1
1396915975	BTCUSDT	30527.44	0.03036	2022-06-09 10:37:07	1
1396915976	BTCUSDT	30527.44	0.00964	2022-06-09 10:37:07	1
1396915977	BTCUSDT	30527.44	0.05000	2022-06-09 10:37:07	1
1396915978	BTCUSDT	30527.44	0.00673	2022-06-09 10:37:07	1
1396915979	BTCUSDT	30527.44	0.04327	2022-06-09 10:37:07	1
1396915980	BTCUSDT	30527.44	0.01452	2022-06-09 10:37:07	1
1396915981	BTCUSDT	30527.44	0.00857	2022-06-09 10:37:07	1
1396915982	BTCUSDT	30527.45	0.00152	2022-06-09 10:37:08	0
1396915983	BTCUSDT	30527.44	0.01635	2022-06-09 10:37:08	1
1396915984	BTCUSDT	30527.45	0.00311	2022-06-09 10:37:08	0
1396915985	BTCUSDT	30527.45	0.00329	2022-06-09 10:37:08	0
1396915986	BTCUSDT	30527.50	0.00167	2022-06-09 10:37:11	0
1396915987	BTCUSDT	30527.50	0.00108	2022-06-09 10:37:11	0
1396915988	BTCUSDT	30527.49	0.00050	2022-06-09 10:37:11	1
1396915989	BTCUSDT	30527.50	0.01649	2022-06-09 10:37:11	0
1396915990	BTCUSDT	30527.50	0.01600	2022-06-09 10:37:11	0
1396915991	BTCUSDT	30527.50	0.20290	2022-06-09 10:37:11	0
1396915992	BTCUSDT	30527.50	0.00821	2022-06-09 10:37:11	0
1396915993	BTCUSDT	30527.50	0.26243	2022-06-09 10:37:11	0
1396915994	BTCUSDT	30527.50	0.02778	2022-06-09 10:37:11	0
1396915995	BTCUSDT	30527.50	0.24925	2022-06-09 10:37:11	0
1396915996	BTCUSDT	30527.50	0.00171	2022-06-09 10:37:11	0
1396915997	BTCUSDT	30527.50	0.27727	2022-06-09 10:37:11	0
1396915998	BTCUSDT	30527.50	0.26919	2022-06-09 10:37:11	0
1396915999	BTCUSDT	30527.50	0.14701	2022-06-09 10:37:11	0
1396916000	BTCUSDT	30527.50	0.13688	2022-06-09 10:37:11	0
1396916001	BTCUSDT	30527.50	0.03809	2022-06-09 10:37:11	0
1396916002	BTCUSDT	30527.50	0.00343	2022-06-09 10:37:11	0
1396916003	BTCUSDT	30527.49	0.03350	2022-06-09 10:37:11	1
1396916004	BTCUSDT	30527.49	0.03750	2022-06-09 10:37:11	1
1396916005	BTCUSDT	30527.49	0.03600	2022-06-09 10:37:11	1
1396916006	BTCUSDT	30527.49	0.03500	2022-06-09 10:37:11	1
1396916007	BTCUSDT	30527.49	0.00036	2022-06-09 10:37:11	1
1396916008	BTCUSDT	30527.49	0.03700	2022-06-09 10:37:11	1
1396916009	BTCUSDT	30527.49	0.05000	2022-06-09 10:37:11	1
1396916010	BTCUSDT	30527.49	0.04000	2022-06-09 10:37:11	1
1396916011	BTCUSDT	30527.49	0.03600	2022-06-09 10:37:11	1
1396916012	BTCUSDT	30527.49	0.01986	2022-06-09 10:37:11	1
1396916013	BTCUSDT	30527.49	0.00104	2022-06-09 10:37:11	1
1396916014	BTCUSDT	30527.50	0.00065	2022-06-09 10:37:12	0
1396916015	BTCUSDT	30527.50	0.02038	2022-06-09 10:37:12	0
1396916016	BTCUSDT	30527.50	0.02354	2022-06-09 10:37:13	0
1396916017	BTCUSDT	30527.50	0.00582	2022-06-09 10:37:13	0
1396916018	BTCUSDT	30527.49	0.00773	2022-06-09 10:37:13	1
1396916019	BTCUSDT	30527.49	0.00295	2022-06-09 10:37:13	1
1396916020	BTCUSDT	30527.50	0.00641	2022-06-09 10:37:14	0
1396916021	BTCUSDT	30527.49	0.01656	2022-06-09 10:37:14	1
1396916022	BTCUSDT	30527.49	0.00617	2022-06-09 10:37:14	1
1396916023	BTCUSDT	30527.50	0.06322	2022-06-09 10:37:14	0
1396916024	BTCUSDT	30527.50	0.01600	2022-06-09 10:37:14	0
1396916025	BTCUSDT	30527.50	0.00083	2022-06-09 10:37:14	0
1396916026	BTCUSDT	30527.51	0.01000	2022-06-09 10:37:14	0
1396916027	BTCUSDT	30527.52	0.08168	2022-06-09 10:37:14	0
1396916028	BTCUSDT	30527.53	0.14055	2022-06-09 10:37:14	0
1396916029	BTCUSDT	30527.52	0.04997	2022-06-09 10:37:14	1
1396916030	BTCUSDT	30527.52	0.05220	2022-06-09 10:37:14	1
1396916031	BTCUSDT	30527.52	0.03780	2022-06-09 10:37:14	1
1396916032	BTCUSDT	30527.52	0.13409	2022-06-09 10:37:14	1
1396916033	BTCUSDT	30527.52	0.03000	2022-06-09 10:37:14	1
1396916034	BTCUSDT	30527.52	0.09000	2022-06-09 10:37:14	1
1396916035	BTCUSDT	30527.52	0.02038	2022-06-09 10:37:14	1
1396916036	BTCUSDT	30527.53	0.08101	2022-06-09 10:37:14	0
1396916037	BTCUSDT	30527.53	0.19485	2022-06-09 10:37:14	0
1396916038	BTCUSDT	30527.60	0.00101	2022-06-09 10:37:15	1
1396916039	BTCUSDT	30527.60	0.00033	2022-06-09 10:37:15	1
1396916040	BTCUSDT	30527.60	0.00500	2022-06-09 10:37:16	1
1396916041	BTCUSDT	30527.61	0.00037	2022-06-09 10:37:16	0
1396916042	BTCUSDT	30527.61	0.00044	2022-06-09 10:37:16	0
1396916043	BTCUSDT	30527.60	0.00118	2022-06-09 10:37:17	1
1396916044	BTCUSDT	30527.61	0.00167	2022-06-09 10:37:17	0
1396916045	BTCUSDT	30527.61	0.01160	2022-06-09 10:37:19	0
1396916046	BTCUSDT	30527.61	0.29842	2022-06-09 10:37:19	0
1396916047	BTCUSDT	30527.61	1.07623	2022-06-09 10:37:19	0
1396916048	BTCUSDT	30527.61	0.00074	2022-06-09 10:37:19	0
1396916049	BTCUSDT	30527.61	0.00184	2022-06-09 10:37:19	0
1396916050	BTCUSDT	30527.62	0.82155	2022-06-09 10:37:19	0
1396916051	BTCUSDT	30527.61	0.00269	2022-06-09 10:37:19	1
1396916052	BTCUSDT	30527.62	0.00369	2022-06-09 10:37:19	0
1396916053	BTCUSDT	30527.61	0.03600	2022-06-09 10:37:19	1
1396916054	BTCUSDT	30527.61	0.00800	2022-06-09 10:37:19	1
1396916055	BTCUSDT	30527.61	0.00262	2022-06-09 10:37:19	1
1396916056	BTCUSDT	30527.62	0.13168	2022-06-09 10:37:19	0
1396916057	BTCUSDT	30527.61	0.04630	2022-06-09 10:37:20	1
1396916058	BTCUSDT	30527.61	0.00368	2022-06-09 10:37:20	1
1396916059	BTCUSDT	30527.61	0.21725	2022-06-09 10:37:20	1
1396916060	BTCUSDT	30527.61	0.00676	2022-06-09 10:37:20	1
1396916061	BTCUSDT	30527.61	0.02100	2022-06-09 10:37:20	1
1396916062	BTCUSDT	30527.61	0.01800	2022-06-09 10:37:20	1
1396916063	BTCUSDT	30527.61	0.02100	2022-06-09 10:37:20	1
1396916064	BTCUSDT	30527.61	0.03200	2022-06-09 10:37:20	1
1396916065	BTCUSDT	30527.61	0.02500	2022-06-09 10:37:20	1
1396916066	BTCUSDT	30527.61	0.02500	2022-06-09 10:37:20	1
1396916067	BTCUSDT	30527.61	0.03200	2022-06-09 10:37:20	1
1396916068	BTCUSDT	30527.61	0.10458	2022-06-09 10:37:20	1
1396916069	BTCUSDT	30527.61	0.14799	2022-06-09 10:37:20	1
1396916070	BTCUSDT	30527.61	0.06557	2022-06-09 10:37:20	1
1396916071	BTCUSDT	30527.61	0.00475	2022-06-09 10:37:20	1
1396916072	BTCUSDT	30527.61	0.00083	2022-06-09 10:37:20	1
1396916073	BTCUSDT	30527.61	0.02100	2022-06-09 10:37:20	1
1396916074	BTCUSDT	30527.61	0.01800	2022-06-09 10:37:20	1
1396916075	BTCUSDT	30527.61	0.02100	2022-06-09 10:37:20	1
1396916076	BTCUSDT	30527.61	0.01635	2022-06-09 10:37:21	1
1396916077	BTCUSDT	30527.62	0.00671	2022-06-09 10:37:21	0
1396916078	BTCUSDT	30527.62	0.00655	2022-06-09 10:37:21	0
1396916079	BTCUSDT	30527.62	0.00624	2022-06-09 10:37:21	0
1396916080	BTCUSDT	30527.61	0.00451	2022-06-09 10:37:22	1
1396916081	BTCUSDT	30527.61	0.00049	2022-06-09 10:37:22	1
1396916082	BTCUSDT	30527.61	0.00490	2022-06-09 10:37:22	1
1396916083	BTCUSDT	30527.62	0.00039	2022-06-09 10:37:22	0
1396916084	BTCUSDT	30527.62	0.05900	2022-06-09 10:37:23	0
1396916085	BTCUSDT	30527.62	0.25000	2022-06-09 10:37:23	0
1396916086	BTCUSDT	30527.62	0.02104	2022-06-09 10:37:23	0
1396916087	BTCUSDT	30527.61	0.14485	2022-06-09 10:37:23	1
1396916088	BTCUSDT	30527.62	0.04110	2022-06-09 10:37:23	0
1396916089	BTCUSDT	30527.61	0.02500	2022-06-09 10:37:24	1
1396916090	BTCUSDT	30527.61	0.02500	2022-06-09 10:37:24	1
1396916091	BTCUSDT	30527.61	0.03200	2022-06-09 10:37:24	1
1396916092	BTCUSDT	30527.61	0.01289	2022-06-09 10:37:24	1
1396916093	BTCUSDT	30527.61	0.01911	2022-06-09 10:37:24	1
1396916094	BTCUSDT	30527.61	0.00107	2022-06-09 10:37:24	1
1396916095	BTCUSDT	30527.61	0.00629	2022-06-09 10:37:24	1
1396916096	BTCUSDT	30527.61	0.00597	2022-06-09 10:37:26	1
1396916097	BTCUSDT	30527.61	0.01203	2022-06-09 10:37:26	1
1396916098	BTCUSDT	30527.61	0.02100	2022-06-09 10:37:26	1
1396916099	BTCUSDT	30527.61	0.00409	2022-06-09 10:37:26	1
1396916100	BTCUSDT	30527.61	0.02100	2022-06-09 10:37:26	1
1396916101	BTCUSDT	30527.61	0.00036	2022-06-09 10:37:26	1
1396916102	BTCUSDT	30527.61	0.00395	2022-06-09 10:37:26	1
1396916103	BTCUSDT	30527.61	0.00733	2022-06-09 10:37:27	1
1396916104	BTCUSDT	30527.61	0.00867	2022-06-09 10:37:27	1
1396916105	BTCUSDT	30527.61	0.02333	2022-06-09 10:37:27	1
1396916106	BTCUSDT	30527.61	0.00358	2022-06-09 10:37:27	1
1396916107	BTCUSDT	30527.61	0.01442	2022-06-09 10:37:27	1
1396916108	BTCUSDT	30527.61	0.02500	2022-06-09 10:37:27	1
1396916109	BTCUSDT	30527.61	0.02100	2022-06-09 10:37:27	1
1396916110	BTCUSDT	30527.61	0.01900	2022-06-09 10:37:27	1
1396916111	BTCUSDT	30527.61	0.00900	2022-06-09 10:37:27	1
1396916112	BTCUSDT	30527.61	0.02500	2022-06-09 10:37:27	1
1396916113	BTCUSDT	30527.61	0.02100	2022-06-09 10:37:27	1
1396916114	BTCUSDT	30527.61	0.03200	2022-06-09 10:37:27	1
1396916115	BTCUSDT	30527.61	0.01390	2022-06-09 10:37:27	1
1396916116	BTCUSDT	30527.61	0.01210	2022-06-09 10:37:27	1
1396916117	BTCUSDT	30527.62	0.00310	2022-06-09 10:37:27	0
1396916118	BTCUSDT	30527.61	0.02500	2022-06-09 10:37:27	1
1396916119	BTCUSDT	30527.61	0.02100	2022-06-09 10:37:27	1
1396916120	BTCUSDT	30527.61	0.01600	2022-06-09 10:37:28	1
1396916121	BTCUSDT	30527.60	0.00200	2022-06-09 10:37:28	1
1396916122	BTCUSDT	30527.60	0.00066	2022-06-09 10:37:28	1
1396916123	BTCUSDT	30527.60	0.00254	2022-06-09 10:37:28	1
1396916124	BTCUSDT	30527.49	0.00470	2022-06-09 10:37:28	1
1396916125	BTCUSDT	30527.49	0.00327	2022-06-09 10:37:28	1
1396916126	BTCUSDT	30527.45	0.01383	2022-06-09 10:37:28	1
1396916127	BTCUSDT	30527.45	0.01175	2022-06-09 10:37:28	1
1396916128	BTCUSDT	30527.44	0.01000	2022-06-09 10:37:28	1
1396916129	BTCUSDT	30527.02	0.01025	2022-06-09 10:37:28	1
1396916130	BTCUSDT	30526.73	0.00150	2022-06-09 10:37:28	1
1396916131	BTCUSDT	30526.68	0.00300	2022-06-09 10:37:28	1
1396916132	BTCUSDT	30526.68	0.00450	2022-06-09 10:37:28	1
1396916133	BTCUSDT	30526.62	0.01000	2022-06-09 10:37:28	1
1396916134	BTCUSDT	30525.63	0.00150	2022-06-09 10:37:28	1
1396916135	BTCUSDT	30525.58	0.00050	2022-06-09 10:37:28	1
1396916136	BTCUSDT	30525.58	0.00250	2022-06-09 10:37:28	1
1396916137	BTCUSDT	30525.58	0.00450	2022-06-09 10:37:28	1
1396916138	BTCUSDT	30525.47	0.00037	2022-06-09 10:37:28	1
1396916139	BTCUSDT	30525.38	0.00363	2022-06-09 10:37:28	1
1396916140	BTCUSDT	30525.38	0.00637	2022-06-09 10:37:28	1
1396916141	BTCUSDT	30525.18	0.02563	2022-06-09 10:37:28	1
1396916142	BTCUSDT	30524.53	0.00150	2022-06-09 10:37:28	1
1396916143	BTCUSDT	30524.48	0.00300	2022-06-09 10:37:28	1
1396916144	BTCUSDT	30524.48	0.00450	2022-06-09 10:37:28	1
1396916145	BTCUSDT	30524.15	0.01007	2022-06-09 10:37:28	0
1396916146	BTCUSDT	30524.14	0.01900	2022-06-09 10:37:29	1
1396916147	BTCUSDT	30524.14	0.27942	2022-06-09 10:37:29	1
1396916148	BTCUSDT	30524.14	0.00158	2022-06-09 10:37:29	1
1396916149	BTCUSDT	30524.14	0.09800	2022-06-09 10:37:29	1
1396916150	BTCUSDT	30524.14	0.03200	2022-06-09 10:37:29	1
1396916151	BTCUSDT	30524.14	0.02100	2022-06-09 10:37:29	1
1396916152	BTCUSDT	30524.14	0.02500	2022-06-09 10:37:29	1
1396916153	BTCUSDT	30524.14	0.03200	2022-06-09 10:37:29	1
1396916154	BTCUSDT	30524.14	0.08000	2022-06-09 10:37:29	1
1396916155	BTCUSDT	30524.14	0.01042	2022-06-09 10:37:29	1
1396916156	BTCUSDT	30524.14	0.10000	2022-06-09 10:37:29	1
1396916157	BTCUSDT	30524.14	0.00958	2022-06-09 10:37:29	1
1396916158	BTCUSDT	30524.14	0.00642	2022-06-09 10:37:29	1
1396916159	BTCUSDT	30524.09	0.00258	2022-06-09 10:37:29	1
1396916160	BTCUSDT	30524.09	0.00926	2022-06-09 10:37:29	1
1396916161	BTCUSDT	30524.05	0.00874	2022-06-09 10:37:29	1
1396916162	BTCUSDT	30524.05	0.02500	2022-06-09 10:37:29	1
1396916163	BTCUSDT	30524.05	0.00019	2022-06-09 10:37:29	1
1396916164	BTCUSDT	30523.95	0.00504	2022-06-09 10:37:29	1
1396916165	BTCUSDT	30523.43	0.00150	2022-06-09 10:37:29	1
1396916166	BTCUSDT	30523.38	0.00300	2022-06-09 10:37:29	1
1396916167	BTCUSDT	30523.38	0.00450	2022-06-09 10:37:29	1
1396916168	BTCUSDT	30523.34	0.01000	2022-06-09 10:37:29	1
1396916169	BTCUSDT	30522.70	0.00065	2022-06-09 10:37:29	1
1396916170	BTCUSDT	30522.66	0.00100	2022-06-09 10:37:29	1
1396916171	BTCUSDT	30522.59	0.29649	2022-06-09 10:37:29	1
1396916172	BTCUSDT	30522.34	0.18286	2022-06-09 10:37:29	1
1396916173	BTCUSDT	30522.34	0.02100	2022-06-09 10:37:29	1
1396916174	BTCUSDT	30522.34	0.02077	2022-06-09 10:37:29	1
1396916175	BTCUSDT	30522.35	0.00780	2022-06-09 10:37:29	0
1396916176	BTCUSDT	30522.34	0.00220	2022-06-09 10:37:29	1
1396916177	BTCUSDT	30522.34	0.01000	2022-06-09 10:37:29	1
1396916178	BTCUSDT	30522.34	0.02200	2022-06-09 10:37:29	1
1396916179	BTCUSDT	30522.34	0.02100	2022-06-09 10:37:29	1
1396916180	BTCUSDT	30522.34	0.00189	2022-06-09 10:37:30	1
1396916181	BTCUSDT	30522.34	0.02100	2022-06-09 10:37:30	1
1396916182	BTCUSDT	30522.34	0.03200	2022-06-09 10:37:31	1
1396916183	BTCUSDT	30522.34	0.00197	2022-06-09 10:37:31	1
1396916184	BTCUSDT	30522.34	0.00176	2022-06-09 10:37:31	1
1396916185	BTCUSDT	30522.35	0.00252	2022-06-09 10:37:31	0
1396916186	BTCUSDT	30522.34	0.00176	2022-06-09 10:37:31	1
1396916187	BTCUSDT	30522.34	0.00176	2022-06-09 10:37:31	1
1396916188	BTCUSDT	30522.34	0.00176	2022-06-09 10:37:31	1
1396916189	BTCUSDT	30522.34	0.00176	2022-06-09 10:37:31	1
1396916190	BTCUSDT	30522.34	0.00176	2022-06-09 10:37:31	1
1396916191	BTCUSDT	30522.34	0.00176	2022-06-09 10:37:31	1
1396916192	BTCUSDT	30522.34	0.00171	2022-06-09 10:37:31	1
1396916193	BTCUSDT	30522.34	0.00005	2022-06-09 10:37:31	1
1396916194	BTCUSDT	30522.34	0.00176	2022-06-09 10:37:32	1
1396916195	BTCUSDT	30522.34	0.01635	2022-06-09 10:37:32	1
1396916196	BTCUSDT	30522.34	0.20003	2022-06-09 10:37:32	1
1396916197	BTCUSDT	30522.34	0.01000	2022-06-09 10:37:33	1
1396916198	BTCUSDT	30522.35	0.00156	2022-06-09 10:37:33	0
1396916199	BTCUSDT	30522.34	0.00926	2022-06-09 10:37:33	1
1396916200	BTCUSDT	30522.35	0.00654	2022-06-09 10:37:34	0
1396916201	BTCUSDT	30522.34	0.00900	2022-06-09 10:37:34	1
1396916202	BTCUSDT	30522.34	0.00048	2022-06-09 10:37:35	1
1396916203	BTCUSDT	30522.34	0.20020	2022-06-09 10:37:36	1
1396916204	BTCUSDT	30522.35	0.00038	2022-06-09 10:37:36	0
1396916205	BTCUSDT	30522.34	0.02600	2022-06-09 10:37:36	1
1396916206	BTCUSDT	30522.34	0.03200	2022-06-09 10:37:36	1
1396916207	BTCUSDT	30522.34	0.02100	2022-06-09 10:37:36	1
1396916208	BTCUSDT	30522.34	0.02100	2022-06-09 10:37:36	1
1396916209	BTCUSDT	30522.34	0.02500	2022-06-09 10:37:36	1
1396916210	BTCUSDT	30522.34	0.01900	2022-06-09 10:37:36	1
1396916211	BTCUSDT	30522.34	0.03200	2022-06-09 10:37:36	1
1396916212	BTCUSDT	30522.34	0.06200	2022-06-09 10:37:36	1
1396916213	BTCUSDT	30522.34	0.06104	2022-06-09 10:37:36	1
1396916214	BTCUSDT	30522.35	0.07908	2022-06-09 10:37:37	0
1396916215	BTCUSDT	30522.35	0.03275	2022-06-09 10:37:37	0
1396916216	BTCUSDT	30522.34	0.03200	2022-06-09 10:37:38	1
1396916217	BTCUSDT	30522.34	0.02500	2022-06-09 10:37:38	1
1396916218	BTCUSDT	30522.34	0.03200	2022-06-09 10:37:38	1
1396916219	BTCUSDT	30522.34	0.01800	2022-06-09 10:37:38	1
1396916220	BTCUSDT	30522.34	0.01900	2022-06-09 10:37:38	1
1396916221	BTCUSDT	30522.34	0.02100	2022-06-09 10:37:38	1
1396916222	BTCUSDT	30522.34	0.02600	2022-06-09 10:37:38	1
1396916223	BTCUSDT	30522.34	0.02500	2022-06-09 10:37:38	1
1396916224	BTCUSDT	30522.34	0.02100	2022-06-09 10:37:38	1
1396916225	BTCUSDT	30522.34	0.00200	2022-06-09 10:37:38	1
1396916226	BTCUSDT	30522.34	0.00237	2022-06-09 10:37:38	1
1396916227	BTCUSDT	30522.34	0.01637	2022-06-09 10:37:38	1
1396916228	BTCUSDT	30522.35	0.00409	2022-06-09 10:37:38	0
1396916229	BTCUSDT	30522.35	0.00773	2022-06-09 10:37:38	0
1396916230	BTCUSDT	30522.35	0.01138	2022-06-09 10:37:39	0
1396916231	BTCUSDT	30522.34	0.01876	2022-06-09 10:37:39	1
1396916232	BTCUSDT	30522.34	0.17522	2022-06-09 10:37:39	1
1396916233	BTCUSDT	30522.35	0.00155	2022-06-09 10:37:39	0
1396916234	BTCUSDT	30522.34	0.20056	2022-06-09 10:37:39	1
1396916235	BTCUSDT	30522.34	0.00962	2022-06-09 10:37:41	1
1396916236	BTCUSDT	30522.35	0.30000	2022-06-09 10:37:41	0
1396916237	BTCUSDT	30522.35	0.23313	2022-06-09 10:37:41	0
1396916238	BTCUSDT	30522.35	0.26946	2022-06-09 10:37:41	0
1396916239	BTCUSDT	30522.35	0.04999	2022-06-09 10:37:41	0
1396916240	BTCUSDT	30522.35	0.00266	2022-06-09 10:37:41	0
1396916241	BTCUSDT	30522.35	0.00197	2022-06-09 10:37:41	0
1396916242	BTCUSDT	30522.38	0.01600	2022-06-09 10:37:41	0
1396916243	BTCUSDT	30523.64	0.00150	2022-06-09 10:37:41	0
1396916244	BTCUSDT	30523.64	0.01000	2022-06-09 10:37:41	0
1396916245	BTCUSDT	30523.72	0.00300	2022-06-09 10:37:41	0
1396916246	BTCUSDT	30523.72	0.00100	2022-06-09 10:37:41	0
1396916247	BTCUSDT	30523.72	0.00450	2022-06-09 10:37:41	0
1396916248	BTCUSDT	30524.15	0.00259	2022-06-09 10:37:41	0
1396916249	BTCUSDT	30524.33	0.00110	2022-06-09 10:37:42	1
1396916250	BTCUSDT	30524.33	0.08890	2022-06-09 10:37:43	1
1396916251	BTCUSDT	30524.33	0.11128	2022-06-09 10:37:43	1
1396916252	BTCUSDT	30524.33	0.01635	2022-06-09 10:37:44	1
1396916253	BTCUSDT	30524.34	0.00156	2022-06-09 10:37:45	0
1396916254	BTCUSDT	30524.33	0.00043	2022-06-09 10:37:46	1
1396916255	BTCUSDT	30524.33	0.02730	2022-06-09 10:37:47	1
1396916256	BTCUSDT	30524.33	0.00065	2022-06-09 10:37:48	1
1396916257	BTCUSDT	30524.34	0.00089	2022-06-09 10:37:48	0
1396916258	BTCUSDT	30524.33	0.01006	2022-06-09 10:37:49	1
1396916259	BTCUSDT	30524.33	0.00229	2022-06-09 10:37:49	1
1396916260	BTCUSDT	30524.33	0.00188	2022-06-09 10:37:50	1
1396916261	BTCUSDT	30524.34	0.00755	2022-06-09 10:37:50	0
1396916262	BTCUSDT	30524.34	0.04096	2022-06-09 10:37:50	0
1396916263	BTCUSDT	30524.33	0.00940	2022-06-09 10:37:50	1
1396916264	BTCUSDT	30524.33	0.07060	2022-06-09 10:37:50	1
1396916265	BTCUSDT	30524.34	0.00160	2022-06-09 10:37:51	0
1396916266	BTCUSDT	30524.33	0.00398	2022-06-09 10:37:51	1
1396916267	BTCUSDT	30524.33	0.00398	2022-06-09 10:37:51	1
1396916268	BTCUSDT	30524.34	0.00155	2022-06-09 10:37:51	0
1396916269	BTCUSDT	30524.33	0.00099	2022-06-09 10:37:52	1
1396916270	BTCUSDT	30524.33	0.00721	2022-06-09 10:37:52	1
1396916271	BTCUSDT	30524.33	0.00069	2022-06-09 10:37:52	1
1396916272	BTCUSDT	30524.34	0.00160	2022-06-09 10:37:53	0
1396916273	BTCUSDT	30524.34	0.00100	2022-06-09 10:37:53	0
1396916274	BTCUSDT	30524.34	0.00619	2022-06-09 10:37:55	0
1396916275	BTCUSDT	30524.33	0.00033	2022-06-09 10:37:55	1
1396916276	BTCUSDT	30524.33	0.00033	2022-06-09 10:37:55	1
1396916277	BTCUSDT	30524.33	0.01635	2022-06-09 10:37:56	1
1396916278	BTCUSDT	30524.33	0.08000	2022-06-09 10:37:56	1
1396916279	BTCUSDT	30524.33	0.02600	2022-06-09 10:37:56	1
1396916280	BTCUSDT	30524.34	0.00371	2022-06-09 10:37:57	0
1396916281	BTCUSDT	30524.34	0.00156	2022-06-09 10:37:57	0
1396916282	BTCUSDT	30524.34	0.00700	2022-06-09 10:37:57	0
1396916283	BTCUSDT	30524.33	0.03600	2022-06-09 10:37:58	1
1396916284	BTCUSDT	30524.33	0.04400	2022-06-09 10:37:58	1
1396916285	BTCUSDT	30524.33	0.00600	2022-06-09 10:37:58	1
1396916286	BTCUSDT	30524.33	0.03500	2022-06-09 10:37:58	1
1396916287	BTCUSDT	30524.33	0.03800	2022-06-09 10:37:58	1
1396916288	BTCUSDT	30524.33	0.00100	2022-06-09 10:37:58	1
1396916289	BTCUSDT	30524.33	0.03500	2022-06-09 10:37:59	1
1396916290	BTCUSDT	30524.33	0.00102	2022-06-09 10:37:59	1
1396916291	BTCUSDT	30524.33	0.00184	2022-06-09 10:37:59	1
1396916292	BTCUSDT	30524.33	0.00134	2022-06-09 10:37:59	1
1396916293	BTCUSDT	30524.33	0.00081	2022-06-09 10:37:59	1
1396916294	BTCUSDT	30524.33	0.00065	2022-06-09 10:37:59	1
1396916295	BTCUSDT	30524.34	0.00110	2022-06-09 10:37:59	0
1396916296	BTCUSDT	30524.33	0.00041	2022-06-09 10:37:59	1
1396916297	BTCUSDT	30524.34	0.00083	2022-06-09 10:37:59	0
1396916298	BTCUSDT	30524.34	0.00049	2022-06-09 10:37:59	0
1396916299	BTCUSDT	30524.33	0.00144	2022-06-09 10:37:59	1
1396916300	BTCUSDT	30524.33	0.00060	2022-06-09 10:37:59	1
1396916301	BTCUSDT	30524.34	0.00054	2022-06-09 10:37:59	0
1396916302	BTCUSDT	30524.34	0.00043	2022-06-09 10:37:59	0
1396916303	BTCUSDT	30524.34	0.00040	2022-06-09 10:37:59	0
1396916304	BTCUSDT	30524.34	0.00068	2022-06-09 10:37:59	0
1396916305	BTCUSDT	30524.34	0.00252	2022-06-09 10:37:59	0
1396916306	BTCUSDT	30524.33	0.00116	2022-06-09 10:37:59	1
1396916307	BTCUSDT	30524.33	0.00227	2022-06-09 10:37:59	1
1396916308	BTCUSDT	30524.33	0.00141	2022-06-09 10:37:59	1
1396916309	BTCUSDT	30524.33	0.00087	2022-06-09 10:37:59	1
1396916310	BTCUSDT	30524.33	0.00052	2022-06-09 10:37:59	1
1396916311	BTCUSDT	30524.34	0.00130	2022-06-09 10:37:59	0
1396916312	BTCUSDT	30524.34	0.00283	2022-06-09 10:37:59	0
1396916313	BTCUSDT	30524.33	0.00059	2022-06-09 10:37:59	1
1396916314	BTCUSDT	30524.33	0.00105	2022-06-09 10:37:59	1
1396916315	BTCUSDT	30524.34	0.00194	2022-06-09 10:37:59	0
1396916316	BTCUSDT	30524.34	0.00110	2022-06-09 10:37:59	0
1396916317	BTCUSDT	30524.34	0.00104	2022-06-09 10:37:59	0
1396916318	BTCUSDT	30524.34	0.00054	2022-06-09 10:37:59	0
1396916319	BTCUSDT	30524.33	0.00298	2022-06-09 10:37:59	1
1396916320	BTCUSDT	30524.34	0.00071	2022-06-09 10:37:59	0
1396916321	BTCUSDT	30524.34	0.00075	2022-06-09 10:37:59	0
1396916322	BTCUSDT	30524.33	0.00040	2022-06-09 10:37:59	1
1396916323	BTCUSDT	30524.33	0.00064	2022-06-09 10:37:59	1
1396916324	BTCUSDT	30524.34	0.00039	2022-06-09 10:37:59	0
