1396797612	BTCUSDT	30376.77	0.00086	2022-06-09 07:11:00	0
1396797613	BTCUSDT	30376.76	0.00124	2022-06-09 07:11:00	1
1396797614	BTCUSDT	30376.77	0.00065	2022-06-09 07:11:00	0
1396797615	BTCUSDT	30376.76	0.00303	2022-06-09 07:11:00	1
1396797616	BTCUSDT	30376.76	0.00067	2022-06-09 07:11:00	1
1396797617	BTCUSDT	30376.76	0.00047	2022-06-09 07:11:00	1
1396797618	BTCUSDT	30376.77	0.00113	2022-06-09 07:11:00	0
1396797619	BTCUSDT	30376.76	0.00070	2022-06-09 07:11:00	1
1396797620	BTCUSDT	30376.77	0.00076	2022-06-09 07:11:00	0
1396797621	BTCUSDT	30376.77	0.00345	2022-06-09 07:11:00	0
1396797622	BTCUSDT	30376.77	0.00111	2022-06-09 07:11:00	0
1396797623	BTCUSDT	30376.76	0.00113	2022-06-09 07:11:00	1
1396797624	BTCUSDT	30376.76	0.00164	2022-06-09 07:11:00	1
1396797625	BTCUSDT	30376.76	0.00151	2022-06-09 07:11:00	1
1396797626	BTCUSDT	30376.76	0.00087	2022-06-09 07:11:00	1
1396797627	BTCUSDT	30376.76	0.00220	2022-06-09 07:11:00	1
1396797628	BTCUSDT	30376.77	0.00059	2022-06-09 07:11:00	0
1396797629	BTCUSDT	30376.76	0.00039	2022-06-09 07:11:00	1
1396797630	BTCUSDT	30376.77	0.00190	2022-06-09 07:11:00	0
1396797631	BTCUSDT	30376.76	0.00200	2022-06-09 07:11:00	1
1396797632	BTCUSDT	30376.76	0.00116	2022-06-09 07:11:00	1
1396797633	BTCUSDT	30376.77	0.00102	2022-06-09 07:11:00	0
1396797634	BTCUSDT	30376.77	0.00063	2022-06-09 07:11:00	0
1396797635	BTCUSDT	30376.77	0.00094	2022-06-09 07:11:00	0
1396797636	BTCUSDT	30376.76	0.00077	2022-06-09 07:11:00	1
1396797637	BTCUSDT	30376.76	0.00080	2022-06-09 07:11:00	1
1396797638	BTCUSDT	30376.77	0.00050	2022-06-09 07:11:00	0
1396797639	BTCUSDT	30376.77	0.00056	2022-06-09 07:11:00	0
1396797640	BTCUSDT	30376.76	0.01868	2022-06-09 07:11:00	1
1396797641	BTCUSDT	30376.77	0.00204	2022-06-09 07:11:02	0
1396797642	BTCUSDT	30376.77	0.00365	2022-06-09 07:11:04	0
1396797643	BTCUSDT	30376.76	0.00085	2022-06-09 07:11:04	1
1396797644	BTCUSDT	30376.77	0.00253	2022-06-09 07:11:05	0
1396797645	BTCUSDT	30376.77	0.00778	2022-06-09 07:11:05	0
1396797646	BTCUSDT	30376.77	0.00937	2022-06-09 07:11:05	0
1396797647	BTCUSDT	30376.76	0.00474	2022-06-09 07:11:05	1
1396797648	BTCUSDT	30376.77	0.00158	2022-06-09 07:11:05	0
1396797649	BTCUSDT	30376.77	0.00099	2022-06-09 07:11:05	0
1396797650	BTCUSDT	30376.77	0.00101	2022-06-09 07:11:05	0
1396797651	BTCUSDT	30376.77	0.00202	2022-06-09 07:11:06	0
1396797652	BTCUSDT	30376.77	0.01738	2022-06-09 07:11:06	0
1396797653	BTCUSDT	30376.77	0.02292	2022-06-09 07:11:06	0
1396797654	BTCUSDT	30376.77	0.02292	2022-06-09 07:11:06	0
1396797655	BTCUSDT	30376.77	0.00329	2022-06-09 07:11:06	0
1396797656	BTCUSDT	30376.77	0.00181	2022-06-09 07:11:06	0
1396797657	BTCUSDT	30376.77	0.00338	2022-06-09 07:11:07	0
1396797658	BTCUSDT	30376.76	0.00712	2022-06-09 07:11:07	1
1396797659	BTCUSDT	30376.77	0.04220	2022-06-09 07:11:08	0
1396797660	BTCUSDT	30376.77	0.00055	2022-06-09 07:11:08	0
1396797661	BTCUSDT	30376.76	0.00106	2022-06-09 07:11:08	1
1396797662	BTCUSDT	30376.76	1.36741	2022-06-09 07:11:08	1
1396797663	BTCUSDT	30376.76	0.05041	2022-06-09 07:11:08	1
1396797664	BTCUSDT	30376.76	0.05857	2022-06-09 07:11:08	1
1396797665	BTCUSDT	30376.76	0.50259	2022-06-09 07:11:08	1
1396797666	BTCUSDT	30376.76	0.05500	2022-06-09 07:11:08	1
1396797667	BTCUSDT	30376.76	0.67123	2022-06-09 07:11:08	1
1396797668	BTCUSDT	30376.76	0.00234	2022-06-09 07:11:08	1
1396797669	BTCUSDT	30376.76	0.02700	2022-06-09 07:11:08	1
1396797670	BTCUSDT	30376.76	0.03500	2022-06-09 07:11:08	1
1396797671	BTCUSDT	30376.76	0.00033	2022-06-09 07:11:08	1
1396797672	BTCUSDT	30376.76	0.01600	2022-06-09 07:11:08	1
1396797673	BTCUSDT	30376.76	0.00102	2022-06-09 07:11:08	1
1396797674	BTCUSDT	30376.76	0.00038	2022-06-09 07:11:08	1
1396797675	BTCUSDT	30376.76	0.00036	2022-06-09 07:11:08	1
1396797676	BTCUSDT	30376.76	0.03465	2022-06-09 07:11:08	1
1396797677	BTCUSDT	30376.76	0.00260	2022-06-09 07:11:08	1
1396797678	BTCUSDT	30376.76	0.91369	2022-06-09 07:11:08	1
1396797679	BTCUSDT	30376.75	0.00089	2022-06-09 07:11:08	1
1396797680	BTCUSDT	30376.74	0.00043	2022-06-09 07:11:08	1
1396797681	BTCUSDT	30376.72	0.00457	2022-06-09 07:11:08	1
1396797682	BTCUSDT	30376.29	0.01566	2022-06-09 07:11:08	1
1396797683	BTCUSDT	30376.29	0.00509	2022-06-09 07:11:08	1
1396797684	BTCUSDT	30376.29	0.14397	2022-06-09 07:11:08	1
1396797685	BTCUSDT	30375.96	0.01000	2022-06-09 07:11:08	1
1396797686	BTCUSDT	30375.96	0.00375	2022-06-09 07:11:08	1
1396797687	BTCUSDT	30375.91	0.00300	2022-06-09 07:11:08	1
1396797688	BTCUSDT	30375.91	0.00450	2022-06-09 07:11:08	1
1396797689	BTCUSDT	30375.91	0.00450	2022-06-09 07:11:08	1
1396797690	BTCUSDT	30375.24	0.04428	2022-06-09 07:11:08	1
1396797691	BTCUSDT	30375.24	1.40856	2022-06-09 07:11:08	1
1396797692	BTCUSDT	30374.99	0.00608	2022-06-09 07:11:09	1
1396797693	BTCUSDT	30374.96	0.01000	2022-06-09 07:11:09	1
1396797694	BTCUSDT	30374.96	0.00375	2022-06-09 07:11:09	1
1396797695	BTCUSDT	30374.91	0.00300	2022-06-09 07:11:09	1
1396797696	BTCUSDT	30374.91	0.00450	2022-06-09 07:11:09	1
1396797697	BTCUSDT	30374.91	0.00450	2022-06-09 07:11:09	1
1396797698	BTCUSDT	30374.75	0.00380	2022-06-09 07:11:09	1
1396797699	BTCUSDT	30374.74	0.01000	2022-06-09 07:11:09	1
1396797700	BTCUSDT	30374.51	0.00637	2022-06-09 07:11:09	1
1396797701	BTCUSDT	30374.47	0.28033	2022-06-09 07:11:09	1
1396797702	BTCUSDT	30374.47	0.21967	2022-06-09 07:11:09	1
1396797703	BTCUSDT	30374.21	0.11656	2022-06-09 07:11:09	1
1396797704	BTCUSDT	30374.21	0.37760	2022-06-09 07:11:09	1
1396797705	BTCUSDT	30373.96	0.00914	2022-06-09 07:11:09	1
1396797706	BTCUSDT	30373.97	0.50000	2022-06-09 07:11:09	0
1396797707	BTCUSDT	30373.96	0.00086	2022-06-09 07:11:09	1
1396797708	BTCUSDT	30373.96	0.00375	2022-06-09 07:11:09	1
1396797709	BTCUSDT	30373.91	0.00300	2022-06-09 07:11:09	1
1396797710	BTCUSDT	30373.91	0.00450	2022-06-09 07:11:09	1
1396797711	BTCUSDT	30373.91	0.00450	2022-06-09 07:11:09	1
1396797712	BTCUSDT	30373.66	0.00948	2022-06-09 07:11:09	1
1396797713	BTCUSDT	30373.33	0.16458	2022-06-09 07:11:09	1
1396797714	BTCUSDT	30372.96	0.01000	2022-06-09 07:11:09	1
1396797715	BTCUSDT	30372.96	0.00375	2022-06-09 07:11:09	1
1396797716	BTCUSDT	30372.96	0.01600	2022-06-09 07:11:09	1
1396797717	BTCUSDT	30372.94	0.17674	2022-06-09 07:11:09	1
1396797718	BTCUSDT	30372.94	0.20649	2022-06-09 07:11:09	1
1396797719	BTCUSDT	30372.95	0.00037	2022-06-09 07:11:09	0
1396797720	BTCUSDT	30372.94	0.00365	2022-06-09 07:11:09	1
1396797721	BTCUSDT	30372.94	0.05154	2022-06-09 07:11:09	1
1396797722	BTCUSDT	30372.91	0.00450	2022-06-09 07:11:09	1
1396797723	BTCUSDT	30372.91	0.00450	2022-06-09 07:11:09	1
1396797724	BTCUSDT	30372.90	0.25381	2022-06-09 07:11:09	1
1396797725	BTCUSDT	30372.90	0.04619	2022-06-09 07:11:09	1
1396797726	BTCUSDT	30372.90	0.19991	2022-06-09 07:11:09	1
1396797727	BTCUSDT	30372.90	0.06485	2022-06-09 07:11:09	1
1396797728	BTCUSDT	30372.90	0.01599	2022-06-09 07:11:09	1
1396797729	BTCUSDT	30372.90	0.00001	2022-06-09 07:11:09	1
1396797730	BTCUSDT	30372.90	0.02929	2022-06-09 07:11:09	1
1396797731	BTCUSDT	30372.90	0.00001	2022-06-09 07:11:09	1
1396797732	BTCUSDT	30372.90	0.22649	2022-06-09 07:11:09	1
1396797733	BTCUSDT	30372.90	0.00001	2022-06-09 07:11:10	1
1396797734	BTCUSDT	30372.90	0.01600	2022-06-09 07:11:10	1
1396797735	BTCUSDT	30372.90	0.10070	2022-06-09 07:11:10	1
1396797736	BTCUSDT	30372.91	0.00289	2022-06-09 07:11:10	0
1396797737	BTCUSDT	30372.90	0.11671	2022-06-09 07:11:10	1
1396797738	BTCUSDT	30372.90	0.09635	2022-06-09 07:11:10	1
1396797739	BTCUSDT	30372.90	0.00137	2022-06-09 07:11:10	1
1396797740	BTCUSDT	30372.90	0.01875	2022-06-09 07:11:10	1
1396797741	BTCUSDT	30372.91	0.00077	2022-06-09 07:11:10	0
1396797742	BTCUSDT	30372.90	0.01116	2022-06-09 07:11:10	1
1396797743	BTCUSDT	30372.90	0.01116	2022-06-09 07:11:10	1
1396797744	BTCUSDT	30372.91	0.05400	2022-06-09 07:11:10	0
1396797745	BTCUSDT	30372.90	0.01116	2022-06-09 07:11:11	1
1396797746	BTCUSDT	30372.90	0.01116	2022-06-09 07:11:11	1
1396797747	BTCUSDT	30372.91	0.00156	2022-06-09 07:11:11	0
1396797748	BTCUSDT	30372.91	0.02324	2022-06-09 07:11:11	0
1396797749	BTCUSDT	30372.91	0.01412	2022-06-09 07:11:11	0
1396797750	BTCUSDT	30372.90	0.07846	2022-06-09 07:11:11	1
1396797751	BTCUSDT	30372.91	0.00145	2022-06-09 07:11:12	0
1396797752	BTCUSDT	30372.90	0.00166	2022-06-09 07:11:12	1
1396797753	BTCUSDT	30372.90	0.00316	2022-06-09 07:11:12	1
1396797754	BTCUSDT	30372.91	0.00118	2022-06-09 07:11:12	0
1396797755	BTCUSDT	30372.90	0.00085	2022-06-09 07:11:12	1
1396797756	BTCUSDT	30372.91	0.00069	2022-06-09 07:11:12	0
1396797757	BTCUSDT	30372.91	0.00099	2022-06-09 07:11:12	0
1396797758	BTCUSDT	30372.91	0.00119	2022-06-09 07:11:13	0
1396797759	BTCUSDT	30372.90	0.00656	2022-06-09 07:11:13	1
1396797760	BTCUSDT	30372.91	0.00511	2022-06-09 07:11:13	0
1396797761	BTCUSDT	30372.90	0.00466	2022-06-09 07:11:14	1
1396797762	BTCUSDT	30372.90	0.01134	2022-06-09 07:11:14	1
1396797763	BTCUSDT	30372.90	0.00370	2022-06-09 07:11:14	1
1396797764	BTCUSDT	30372.91	0.00627	2022-06-09 07:11:14	0
1396797765	BTCUSDT	30372.90	0.00146	2022-06-09 07:11:14	1
1396797766	BTCUSDT	30372.91	0.02742	2022-06-09 07:11:14	0
1396797767	BTCUSDT	30372.91	0.00068	2022-06-09 07:11:14	0
1396797768	BTCUSDT	30372.90	0.00849	2022-06-09 07:11:15	1
1396797769	BTCUSDT	30372.90	0.00102	2022-06-09 07:11:15	1
1396797770	BTCUSDT	30372.90	0.00747	2022-06-09 07:11:15	1
1396797771	BTCUSDT	30372.91	0.00508	2022-06-09 07:11:15	0
1396797772	BTCUSDT	30372.90	0.01953	2022-06-09 07:11:16	1
1396797773	BTCUSDT	30372.90	0.00588	2022-06-09 07:11:16	1
1396797774	BTCUSDT	30372.91	0.00670	2022-06-09 07:11:16	0
1396797775	BTCUSDT	30372.90	0.01275	2022-06-09 07:11:16	1
1396797776	BTCUSDT	30372.90	0.00127	2022-06-09 07:11:16	1
1396797777	BTCUSDT	30372.90	0.00540	2022-06-09 07:11:16	1
1396797778	BTCUSDT	30372.90	0.00500	2022-06-09 07:11:16	1
1396797779	BTCUSDT	30372.91	0.00329	2022-06-09 07:11:17	0
1396797780	BTCUSDT	30372.91	0.00210	2022-06-09 07:11:17	0
1396797781	BTCUSDT	30372.91	0.00157	2022-06-09 07:11:17	0
1396797782	BTCUSDT	30372.90	0.00560	2022-06-09 07:11:18	1
1396797783	BTCUSDT	30372.90	0.01988	2022-06-09 07:11:18	1
1396797784	BTCUSDT	30372.91	0.05904	2022-06-09 07:11:18	0
1396797785	BTCUSDT	30372.91	0.00910	2022-06-09 07:11:18	0
1396797786	BTCUSDT	30372.91	0.00810	2022-06-09 07:11:18	0
1396797787	BTCUSDT	30372.91	0.04000	2022-06-09 07:11:18	0
1396797788	BTCUSDT	30372.91	0.03800	2022-06-09 07:11:18	0
1396797789	BTCUSDT	30372.91	0.05000	2022-06-09 07:11:18	0
1396797790	BTCUSDT	30372.91	0.04000	2022-06-09 07:11:18	0
1396797791	BTCUSDT	30372.91	0.04943	2022-06-09 07:11:18	0
1396797792	BTCUSDT	30372.91	0.03700	2022-06-09 07:11:18	0
1396797793	BTCUSDT	30372.91	0.03600	2022-06-09 07:11:18	0
1396797794	BTCUSDT	30372.91	0.05500	2022-06-09 07:11:18	0
1396797795	BTCUSDT	30372.91	0.04000	2022-06-09 07:11:18	0
1396797796	BTCUSDT	30372.91	0.09000	2022-06-09 07:11:18	0
1396797797	BTCUSDT	30372.91	0.06586	2022-06-09 07:11:18	0
1396797798	BTCUSDT	30372.91	0.04144	2022-06-09 07:11:18	0
1396797799	BTCUSDT	30372.91	0.04237	2022-06-09 07:11:18	0
1396797800	BTCUSDT	30372.91	0.26593	2022-06-09 07:11:18	0
1396797801	BTCUSDT	30372.91	0.06234	2022-06-09 07:11:18	0
1396797802	BTCUSDT	30372.91	0.02734	2022-06-09 07:11:18	0
1396797803	BTCUSDT	30372.91	0.27194	2022-06-09 07:11:18	0
1396797804	BTCUSDT	30372.91	0.10291	2022-06-09 07:11:18	0
1396797805	BTCUSDT	30372.91	0.16394	2022-06-09 07:11:18	0
1396797806	BTCUSDT	30372.91	0.00784	2022-06-09 07:11:18	0
1396797807	BTCUSDT	30372.91	0.00293	2022-06-09 07:11:18	0
1396797808	BTCUSDT	30372.91	0.20036	2022-06-09 07:11:18	0
1396797809	BTCUSDT	30372.91	0.03903	2022-06-09 07:11:18	0
1396797810	BTCUSDT	30372.91	0.28368	2022-06-09 07:11:18	0
1396797811	BTCUSDT	30372.91	0.04752	2022-06-09 07:11:18	0
1396797812	BTCUSDT	30372.91	0.23712	2022-06-09 07:11:18	0
1396797813	BTCUSDT	30372.91	0.12549	2022-06-09 07:11:18	0
1396797814	BTCUSDT	30372.91	0.15272	2022-06-09 07:11:18	0
1396797815	BTCUSDT	30372.91	0.02894	2022-06-09 07:11:18	0
1396797816	BTCUSDT	30372.91	0.26671	2022-06-09 07:11:18	0
1396797817	BTCUSDT	30372.91	0.13853	2022-06-09 07:11:18	0
1396797818	BTCUSDT	30372.91	0.10780	2022-06-09 07:11:18	0
1396797819	BTCUSDT	30372.91	0.06679	2022-06-09 07:11:19	0
1396797820	BTCUSDT	30372.91	0.17973	2022-06-09 07:11:19	0
1396797821	BTCUSDT	30372.91	0.20370	2022-06-09 07:11:19	0
1396797822	BTCUSDT	30372.91	0.00085	2022-06-09 07:11:19	0
1396797823	BTCUSDT	30372.91	0.00794	2022-06-09 07:11:19	0
1396797824	BTCUSDT	30372.91	0.13601	2022-06-09 07:11:19	0
1396797825	BTCUSDT	30372.91	0.08154	2022-06-09 07:11:19	0
1396797826	BTCUSDT	30372.91	0.00973	2022-06-09 07:11:19	0
1396797827	BTCUSDT	30372.91	0.30000	2022-06-09 07:11:19	0
1396797828	BTCUSDT	30373.00	0.01600	2022-06-09 07:11:19	0
1396797829	BTCUSDT	30373.13	0.01000	2022-06-09 07:11:19	0
1396797830	BTCUSDT	30373.71	0.00150	2022-06-09 07:11:19	0
1396797831	BTCUSDT	30373.76	0.00100	2022-06-09 07:11:19	0
1396797832	BTCUSDT	30373.76	0.00450	2022-06-09 07:11:19	0
1396797833	BTCUSDT	30373.76	0.00450	2022-06-09 07:11:19	0
1396797834	BTCUSDT	30374.71	0.00150	2022-06-09 07:11:19	0
1396797835	BTCUSDT	30374.76	0.00100	2022-06-09 07:11:19	0
1396797836	BTCUSDT	30374.76	0.00450	2022-06-09 07:11:19	0
1396797837	BTCUSDT	30374.76	0.00450	2022-06-09 07:11:19	0
1396797838	BTCUSDT	30375.24	0.64310	2022-06-09 07:11:19	0
1396797839	BTCUSDT	30375.32	0.75028	2022-06-09 07:11:19	0
1396797840	BTCUSDT	30375.71	0.00150	2022-06-09 07:11:19	0
1396797841	BTCUSDT	30375.76	0.00100	2022-06-09 07:11:19	0
1396797842	BTCUSDT	30375.76	0.00450	2022-06-09 07:11:19	0
1396797843	BTCUSDT	30375.76	0.00450	2022-06-09 07:11:19	0
1396797844	BTCUSDT	30376.71	0.00150	2022-06-09 07:11:19	0
1396797845	BTCUSDT	30376.70	0.01374	2022-06-09 07:11:19	1
1396797846	BTCUSDT	30376.71	0.01600	2022-06-09 07:11:19	0
1396797847	BTCUSDT	30376.71	0.00500	2022-06-09 07:11:19	0
1396797848	BTCUSDT	30376.71	0.01800	2022-06-09 07:11:19	0
1396797849	BTCUSDT	30376.71	0.02500	2022-06-09 07:11:19	0
1396797850	BTCUSDT	30376.71	0.02500	2022-06-09 07:11:19	0
1396797851	BTCUSDT	30376.71	0.02759	2022-06-09 07:11:19	0
1396797852	BTCUSDT	30376.71	0.08230	2022-06-09 07:11:20	0
1396797853	BTCUSDT	30376.70	0.00898	2022-06-09 07:11:21	1
1396797854	BTCUSDT	30376.71	0.00123	2022-06-09 07:11:22	0
1396797855	BTCUSDT	30376.70	0.18270	2022-06-09 07:11:22	1
1396797856	BTCUSDT	30376.70	0.15211	2022-06-09 07:11:22	1
1396797857	BTCUSDT	30376.71	0.00156	2022-06-09 07:11:23	0
1396797858	BTCUSDT	30376.70	0.24718	2022-06-09 07:11:23	1
1396797859	BTCUSDT	30376.70	0.26657	2022-06-09 07:11:24	1
1396797860	BTCUSDT	30376.70	0.23602	2022-06-09 07:11:24	1
1396797861	BTCUSDT	30376.70	0.02628	2022-06-09 07:11:24	1
1396797862	BTCUSDT	30376.70	0.00172	2022-06-09 07:11:24	1
1396797863	BTCUSDT	30376.70	0.00070	2022-06-09 07:11:24	1
1396797864	BTCUSDT	30376.70	0.00001	2022-06-09 07:11:24	1
1396797865	BTCUSDT	30376.70	0.18568	2022-06-09 07:11:24	1
1396797866	BTCUSDT	30376.69	0.00161	2022-06-09 07:11:24	1
1396797867	BTCUSDT	30376.68	0.00080	2022-06-09 07:11:24	1
1396797868	BTCUSDT	30376.68	0.00139	2022-06-09 07:11:24	1
1396797869	BTCUSDT	30376.45	0.01000	2022-06-09 07:11:24	1
1396797870	BTCUSDT	30375.72	0.00375	2022-06-09 07:11:24	1
1396797871	BTCUSDT	30375.66	0.00450	2022-06-09 07:11:24	1
1396797872	BTCUSDT	30375.66	0.00300	2022-06-09 07:11:24	1
1396797873	BTCUSDT	30375.53	0.16304	2022-06-09 07:11:24	1
1396797874	BTCUSDT	30375.37	0.00138	2022-06-09 07:11:24	1
1396797875	BTCUSDT	30375.37	0.00312	2022-06-09 07:11:24	1
1396797876	BTCUSDT	30375.37	0.00100	2022-06-09 07:11:24	1
1396797877	BTCUSDT	30375.37	0.02700	2022-06-09 07:11:24	1
1396797878	BTCUSDT	30375.37	0.02700	2022-06-09 07:11:24	1
1396797879	BTCUSDT	30375.37	0.01600	2022-06-09 07:11:24	1
1396797880	BTCUSDT	30375.37	0.02700	2022-06-09 07:11:24	1
1396797881	BTCUSDT	30375.18	0.01627	2022-06-09 07:11:24	1
1396797882	BTCUSDT	30375.17	0.61777	2022-06-09 07:11:24	1
1396797883	BTCUSDT	30374.95	0.00591	2022-06-09 07:11:25	1
1396797884	BTCUSDT	30374.95	0.00409	2022-06-09 07:11:25	1
1396797885	BTCUSDT	30374.95	0.00072	2022-06-09 07:11:25	1
1396797886	BTCUSDT	30374.95	0.00110	2022-06-09 07:11:25	1
1396797887	BTCUSDT	30374.95	0.01490	2022-06-09 07:11:26	1
1396797888	BTCUSDT	30374.95	0.06510	2022-06-09 07:11:26	1
1396797889	BTCUSDT	30374.95	0.01600	2022-06-09 07:11:26	1
1396797890	BTCUSDT	30374.55	0.00034	2022-06-09 07:11:26	1
1396797891	BTCUSDT	30374.54	0.00068	2022-06-09 07:11:26	1
1396797892	BTCUSDT	30374.54	0.00058	2022-06-09 07:11:26	1
1396797893	BTCUSDT	30374.53	0.02458	2022-06-09 07:11:26	1
1396797894	BTCUSDT	30374.53	0.00324	2022-06-09 07:11:26	1
1396797895	BTCUSDT	30374.53	0.00139	2022-06-09 07:11:27	1
1396797896	BTCUSDT	30374.53	0.00139	2022-06-09 07:11:27	1
1396797897	BTCUSDT	30374.53	0.00139	2022-06-09 07:11:27	1
1396797898	BTCUSDT	30374.53	0.00139	2022-06-09 07:11:27	1
1396797899	BTCUSDT	30374.54	0.00531	2022-06-09 07:11:28	0
1396797900	BTCUSDT	30374.54	0.00414	2022-06-09 07:11:28	0
1396797901	BTCUSDT	30374.53	0.08000	2022-06-09 07:11:28	1
1396797902	BTCUSDT	30374.54	0.00321	2022-06-09 07:11:30	0
1396797903	BTCUSDT	30374.54	0.02590	2022-06-09 07:11:30	0
1396797904	BTCUSDT	30374.54	0.00218	2022-06-09 07:11:31	0
1396797905	BTCUSDT	30374.54	0.01994	2022-06-09 07:11:31	0
1396797906	BTCUSDT	30374.54	0.00052	2022-06-09 07:11:31	0
1396797907	BTCUSDT	30374.53	0.08000	2022-06-09 07:11:32	1
1396797908	BTCUSDT	30374.54	0.03326	2022-06-09 07:11:32	0
1396797909	BTCUSDT	30374.54	0.01352	2022-06-09 07:11:32	0
1396797910	BTCUSDT	30374.53	0.01600	2022-06-09 07:11:32	1
1396797911	BTCUSDT	30374.53	0.06355	2022-06-09 07:11:32	1
1396797912	BTCUSDT	30374.53	0.02700	2022-06-09 07:11:32	1
1396797913	BTCUSDT	30374.53	0.02700	2022-06-09 07:11:32	1
1396797914	BTCUSDT	30374.53	0.02700	2022-06-09 07:11:32	1
1396797915	BTCUSDT	30374.53	0.07882	2022-06-09 07:11:32	1
1396797916	BTCUSDT	30374.54	0.07049	2022-06-09 07:11:32	0
1396797917	BTCUSDT	30374.53	0.00703	2022-06-09 07:11:32	1
1396797918	BTCUSDT	30374.53	0.08000	2022-06-09 07:11:32	1
1396797919	BTCUSDT	30374.54	0.01637	2022-06-09 07:11:32	0
1396797920	BTCUSDT	30374.53	0.02711	2022-06-09 07:11:32	1
1396797921	BTCUSDT	30374.53	0.02033	2022-06-09 07:11:32	1
1396797922	BTCUSDT	30374.45	0.00072	2022-06-09 07:11:32	1
1396797923	BTCUSDT	30374.27	0.01000	2022-06-09 07:11:32	1
1396797924	BTCUSDT	30373.54	0.00450	2022-06-09 07:11:32	1
1396797925	BTCUSDT	30373.43	0.00375	2022-06-09 07:11:32	1
1396797926	BTCUSDT	30373.36	0.00300	2022-06-09 07:11:32	1
1396797927	BTCUSDT	30372.91	0.00065	2022-06-09 07:11:32	1
1396797928	BTCUSDT	30372.91	0.01646	2022-06-09 07:11:32	1
1396797929	BTCUSDT	30372.90	0.00260	2022-06-09 07:11:32	1
1396797930	BTCUSDT	30372.88	0.01121	2022-06-09 07:11:32	1
1396797931	BTCUSDT	30372.88	0.02711	2022-06-09 07:11:32	1
1396797932	BTCUSDT	30372.88	0.01036	2022-06-09 07:11:32	1
1396797933	BTCUSDT	30372.88	0.01600	2022-06-09 07:11:33	1
1396797934	BTCUSDT	30372.80	0.01600	2022-06-09 07:11:33	1
1396797935	BTCUSDT	30372.70	0.00252	2022-06-09 07:11:33	1
1396797936	BTCUSDT	30372.38	0.00450	2022-06-09 07:11:33	1
1396797937	BTCUSDT	30372.00	0.00170	2022-06-09 07:11:33	0
1396797938	BTCUSDT	30371.99	0.00034	2022-06-09 07:11:33	1
1396797939	BTCUSDT	30371.98	0.00300	2022-06-09 07:11:33	1
1396797940	BTCUSDT	30371.22	0.00450	2022-06-09 07:11:33	1
1396797941	BTCUSDT	30370.60	0.00300	2022-06-09 07:11:33	1
1396797942	BTCUSDT	30370.06	0.00450	2022-06-09 07:11:33	1
1396797943	BTCUSDT	30370.04	0.00034	2022-06-09 07:11:33	1
1396797944	BTCUSDT	30370.04	0.01599	2022-06-09 07:11:33	1
1396797945	BTCUSDT	30370.04	0.00001	2022-06-09 07:11:33	1
1396797946	BTCUSDT	30369.62	0.00058	2022-06-09 07:11:34	1
1396797947	BTCUSDT	30369.62	0.00070	2022-06-09 07:11:34	1
1396797948	BTCUSDT	30369.62	0.00034	2022-06-09 07:11:34	1
1396797949	BTCUSDT	30368.90	0.00450	2022-06-09 07:11:34	1
1396797950	BTCUSDT	30367.65	0.27342	2022-06-09 07:11:34	1
1396797951	BTCUSDT	30367.66	0.00482	2022-06-09 07:11:34	0
1396797952	BTCUSDT	30367.66	0.00514	2022-06-09 07:11:34	0
1396797953	BTCUSDT	30367.65	0.00125	2022-06-09 07:11:34	1
1396797954	BTCUSDT	30367.65	0.00150	2022-06-09 07:11:35	1
1396797955	BTCUSDT	30367.66	0.02590	2022-06-09 07:11:37	0
1396797956	BTCUSDT	30367.66	0.00531	2022-06-09 07:11:38	0
1396797957	BTCUSDT	30367.66	0.00082	2022-06-09 07:11:38	0
1396797958	BTCUSDT	30367.65	0.02642	2022-06-09 07:11:40	1
1396797959	BTCUSDT	30367.66	0.49510	2022-06-09 07:11:40	0
1396797960	BTCUSDT	30367.66	0.00471	2022-06-09 07:11:41	0
1396797961	BTCUSDT	30367.65	0.02320	2022-06-09 07:11:41	1
1396797962	BTCUSDT	30367.66	0.05138	2022-06-09 07:11:41	0
1396797963	BTCUSDT	30367.66	0.00179	2022-06-09 07:11:42	0
1396797964	BTCUSDT	30367.66	0.00179	2022-06-09 07:11:42	0
1396797965	BTCUSDT	30367.66	0.00526	2022-06-09 07:11:42	0
1396797966	BTCUSDT	30367.65	0.03397	2022-06-09 07:11:44	1
1396797967	BTCUSDT	30367.66	0.00608	2022-06-09 07:11:44	0
1396797968	BTCUSDT	30367.66	0.00179	2022-06-09 07:11:45	0
1396797969	BTCUSDT	30367.66	0.00123	2022-06-09 07:11:45	0
1396797970	BTCUSDT	30367.66	0.00118	2022-06-09 07:11:45	0
1396797971	BTCUSDT	30367.66	0.00127	2022-06-09 07:11:45	0
1396797972	BTCUSDT	30367.66	0.00083	2022-06-09 07:11:45	0
1396797973	BTCUSDT	30367.66	0.00083	2022-06-09 07:11:45	0
1396797974	BTCUSDT	30367.66	0.02291	2022-06-09 07:11:45	0
1396797975	BTCUSDT	30367.65	0.01600	2022-06-09 07:11:46	1
1396797976	BTCUSDT	30367.65	0.00035	2022-06-09 07:11:46	1
1396797977	BTCUSDT	30367.45	0.00756	2022-06-09 07:11:46	1
1396797978	BTCUSDT	30367.45	0.00125	2022-06-09 07:11:46	0
1396797979	BTCUSDT	30367.45	0.73248	2022-06-09 07:11:46	0
1396797980	BTCUSDT	30367.45	0.03579	2022-06-09 07:11:46	0
1396797981	BTCUSDT	30367.45	0.06600	2022-06-09 07:11:46	0
1396797982	BTCUSDT	30367.45	0.04000	2022-06-09 07:11:46	0
1396797983	BTCUSDT	30367.45	0.48465	2022-06-09 07:11:46	0
1396797984	BTCUSDT	30367.45	0.00157	2022-06-09 07:11:47	0
1396797985	BTCUSDT	30367.44	0.00128	2022-06-09 07:11:47	1
1396797986	BTCUSDT	30367.45	0.00585	2022-06-09 07:11:48	0
1396797987	BTCUSDT	30367.45	0.00585	2022-06-09 07:11:48	0
1396797988	BTCUSDT	30367.44	0.02274	2022-06-09 07:11:48	1
1396797989	BTCUSDT	30367.45	0.00119	2022-06-09 07:11:48	0
1396797990	BTCUSDT	30367.45	0.09317	2022-06-09 07:11:49	0
1396797991	BTCUSDT	30367.45	0.41639	2022-06-09 07:11:49	0
1396797992	BTCUSDT	30367.45	0.06313	2022-06-09 07:11:49	0
1396797993	BTCUSDT	30367.45	0.05359	2022-06-09 07:11:49	0
1396797994	BTCUSDT	30367.44	0.00111	2022-06-09 07:11:49	1
1396797995	BTCUSDT	30367.45	0.07598	2022-06-09 07:11:49	0
1396797996	BTCUSDT	30367.45	0.00561	2022-06-09 07:11:49	0
1396797997	BTCUSDT	30367.44	0.00219	2022-06-09 07:11:50	1
1396797998	BTCUSDT	30367.45	0.00084	2022-06-09 07:11:50	0
1396797999	BTCUSDT	30367.45	0.00658	2022-06-09 07:11:50	0
1396798000	BTCUSDT	30367.45	0.08233	2022-06-09 07:11:50	0
1396798001	BTCUSDT	30367.44	0.00066	2022-06-09 07:11:50	1
1396798002	BTCUSDT	30367.44	0.00459	2022-06-09 07:11:51	1
1396798003	BTCUSDT	30367.44	0.03034	2022-06-09 07:11:52	1
1396798004	BTCUSDT	30367.44	0.02444	2022-06-09 07:11:52	1
1396798005	BTCUSDT	30367.44	0.00975	2022-06-09 07:11:52	1
1396798006	BTCUSDT	30367.44	0.00974	2022-06-09 07:11:52	1
1396798007	BTCUSDT	30367.44	0.00329	2022-06-09 07:11:52	1
1396798008	BTCUSDT	30367.44	0.01713	2022-06-09 07:11:52	1
1396798009	BTCUSDT	30367.44	0.00130	2022-06-09 07:11:53	1
1396798010	BTCUSDT	30367.44	0.01199	2022-06-09 07:11:53	1
1396798011	BTCUSDT	30367.45	0.05100	2022-06-09 07:11:53	0
1396798012	BTCUSDT	30367.44	0.00405	2022-06-09 07:11:55	1
1396798013	BTCUSDT	30367.44	0.00799	2022-06-09 07:11:55	1
1396798014	BTCUSDT	30367.44	0.00799	2022-06-09 07:11:55	1
1396798015	BTCUSDT	30367.45	0.01716	2022-06-09 07:11:56	0
1396798016	BTCUSDT	30367.44	0.00050	2022-06-09 07:11:56	1
1396798017	BTCUSDT	30367.44	0.03961	2022-06-09 07:11:56	1
1396798018	BTCUSDT	30367.44	0.04951	2022-06-09 07:11:57	1
1396798019	BTCUSDT	30367.45	0.01454	2022-06-09 07:11:57	0
1396798020	BTCUSDT	30367.45	0.00853	2022-06-09 07:11:57	0
1396798021	BTCUSDT	30367.45	0.00601	2022-06-09 07:11:57	0
1396798022	BTCUSDT	30367.45	0.03761	2022-06-09 07:11:57	0
1396798023	BTCUSDT	30367.44	0.00329	2022-06-09 07:11:58	1
1396798024	BTCUSDT	30367.44	0.03300	2022-06-09 07:11:58	1
1396798025	BTCUSDT	30367.44	0.00125	2022-06-09 07:11:58	1
1396798026	BTCUSDT	30367.44	0.00185	2022-06-09 07:11:59	1
1396798027	BTCUSDT	30367.45	0.00190	2022-06-09 07:11:59	0
1396798028	BTCUSDT	30367.45	0.03321	2022-06-09 07:11:59	0
1396798029	BTCUSDT	30367.45	0.01494	2022-06-09 07:11:59	0
1396798030	BTCUSDT	30367.45	0.00093	2022-06-09 07:11:59	0
1396798031	BTCUSDT	30367.45	0.00202	2022-06-09 07:11:59	0
1396798032	BTCUSDT	30367.44	0.00149	2022-06-09 07:11:59	1
1396798033	BTCUSDT	30367.45	0.00118	2022-06-09 07:11:59	0
1396798034	BTCUSDT	30367.45	0.00046	2022-06-09 07:11:59	0
1396798035	BTCUSDT	30367.45	0.04250	2022-06-09 07:11:59	0
1396798036	BTCUSDT	30367.45	0.00094	2022-06-09 07:11:59	0
1396798037	BTCUSDT	30367.45	0.00157	2022-06-09 07:11:59	0
1396798038	BTCUSDT	30367.45	0.00061	2022-06-09 07:11:59	0
1396798039	BTCUSDT	30367.44	0.00072	2022-06-09 07:11:59	1
1396798040	BTCUSDT	30367.45	0.00111	2022-06-09 07:11:59	0
1396798041	BTCUSDT	30367.45	0.00160	2022-06-09 07:11:59	0
1396798042	BTCUSDT	30367.44	0.00108	2022-06-09 07:11:59	1
1396798043	BTCUSDT	30367.45	0.00125	2022-06-09 07:11:59	0
1396798044	BTCUSDT	30367.44	0.00191	2022-06-09 07:11:59	1
1396798045	BTCUSDT	30367.45	0.00193	2022-06-09 07:11:59	0
1396798046	BTCUSDT	30367.44	0.00053	2022-06-09 07:11:59	1
1396798047	BTCUSDT	30367.44	0.00120	2022-06-09 07:11:59	1
1396798048	BTCUSDT	30367.44	0.00180	2022-06-09 07:11:59	1
1396798049	BTCUSDT	30367.45	0.00023	2022-06-09 07:11:59	0
1396798050	BTCUSDT	30367.45	0.00161	2022-06-09 07:11:59	0
1396798051	BTCUSDT	30367.44	0.00348	2022-06-09 07:11:59	1
1396798052	BTCUSDT	30367.44	0.00141	2022-06-09 07:11:59	1
1396798053	BTCUSDT	30367.45	0.00105	2022-06-09 07:11:59	0
1396798054	BTCUSDT	30367.45	0.00143	2022-06-09 07:11:59	0
1396798055	BTCUSDT	30367.44	0.00042	2022-06-09 07:11:59	1
1396798056	BTCUSDT	30367.45	0.02756	2022-06-09 07:11:59	0
1396798057	BTCUSDT	30367.44	0.00063	2022-06-09 07:11:59	1
1396798058	BTCUSDT	30367.44	0.00088	2022-06-09 07:11:59	1
1396798059	BTCUSDT	30367.44	0.00189	2022-06-09 07:11:59	1
1396798060	BTCUSDT	30367.44	0.00140	2022-06-09 07:11:59	1
1396798061	BTCUSDT	30367.45	0.00178	2022-06-09 07:11:59	0
1396798062	BTCUSDT	30367.45	0.00074	2022-06-09 07:11:59	0
1396798063	BTCUSDT	30367.45	0.00103	2022-06-09 07:11:59	0
1396798064	BTCUSDT	30367.45	0.00076	2022-06-09 07:11:59	0
1396798065	BTCUSDT	30367.45	0.00004	2022-06-09 07:11:59	0
1396798066	BTCUSDT	30367.45	0.00146	2022-06-09 07:11:59	0
1396798067	BTCUSDT	30367.45	0.00074	2022-06-09 07:11:59	0
1396798068	BTCUSDT	30367.45	0.00064	2022-06-09 07:11:59	0
1396798069	BTCUSDT	30367.44	0.00072	2022-06-09 07:11:59	1
