1397099163	BTCUSDT	30136.94	0.00044	2022-06-09 14:08:00	0
1397099164	BTCUSDT	30136.94	0.00067	2022-06-09 14:08:00	0
1397099165	BTCUSDT	30136.93	0.00117	2022-06-09 14:08:00	1
1397099166	BTCUSDT	30136.94	0.00059	2022-06-09 14:08:00	0
1397099167	BTCUSDT	30136.93	0.00080	2022-06-09 14:08:00	1
1397099168	BTCUSDT	30136.93	0.00061	2022-06-09 14:08:00	1
1397099169	BTCUSDT	30136.94	0.00084	2022-06-09 14:08:00	0
1397099170	BTCUSDT	30136.94	0.00171	2022-06-09 14:08:00	0
1397099171	BTCUSDT	30136.94	0.00351	2022-06-09 14:08:00	0
1397099172	BTCUSDT	30136.93	0.00106	2022-06-09 14:08:00	1
1397099173	BTCUSDT	30136.93	0.00145	2022-06-09 14:08:00	1
1397099174	BTCUSDT	30136.94	0.00058	2022-06-09 14:08:00	0
1397099175	BTCUSDT	30136.94	0.00140	2022-06-09 14:08:00	0
1397099176	BTCUSDT	30136.93	0.00064	2022-06-09 14:08:00	1
1397099177	BTCUSDT	30136.93	0.00191	2022-06-09 14:08:00	1
1397099178	BTCUSDT	30136.94	0.00093	2022-06-09 14:08:00	0
1397099179	BTCUSDT	30136.93	0.00176	2022-06-09 14:08:00	1
1397099180	BTCUSDT	30136.94	0.00063	2022-06-09 14:08:00	0
1397099181	BTCUSDT	30136.94	0.00044	2022-06-09 14:08:00	0
1397099182	BTCUSDT	30136.94	0.00116	2022-06-09 14:08:00	0
1397099183	BTCUSDT	30136.93	0.00093	2022-06-09 14:08:00	1
1397099184	BTCUSDT	30136.93	0.00109	2022-06-09 14:08:00	1
1397099185	BTCUSDT	30136.94	0.03684	2022-06-09 14:08:00	0
1397099186	BTCUSDT	30136.94	0.05610	2022-06-09 14:08:00	0
1397099187	BTCUSDT	30136.93	0.05342	2022-06-09 14:08:00	1
1397099188	BTCUSDT	30136.93	0.05321	2022-06-09 14:08:00	1
1397099189	BTCUSDT	30136.93	0.01600	2022-06-09 14:08:00	1
1397099190	BTCUSDT	30136.93	0.12763	2022-06-09 14:08:00	1
1397099191	BTCUSDT	30136.93	0.19937	2022-06-09 14:08:00	1
1397099192	BTCUSDT	30136.93	0.29043	2022-06-09 14:08:00	1
1397099193	BTCUSDT	30136.93	0.23899	2022-06-09 14:08:00	1
1397099194	BTCUSDT	30136.93	0.07381	2022-06-09 14:08:00	1
1397099195	BTCUSDT	30136.93	0.05011	2022-06-09 14:08:00	1
1397099196	BTCUSDT	30136.93	0.07582	2022-06-09 14:08:00	1
1397099197	BTCUSDT	30136.89	0.02072	2022-06-09 14:08:00	1
1397099198	BTCUSDT	30136.89	0.00298	2022-06-09 14:08:00	1
1397099199	BTCUSDT	30136.49	0.01002	2022-06-09 14:08:00	1
1397099200	BTCUSDT	30136.44	0.01000	2022-06-09 14:08:00	1
1397099201	BTCUSDT	30136.39	0.19277	2022-06-09 14:08:00	1
1397099202	BTCUSDT	30135.42	0.24538	2022-06-09 14:08:00	1
1397099203	BTCUSDT	30135.42	0.22042	2022-06-09 14:08:00	1
1397099204	BTCUSDT	30135.42	0.76868	2022-06-09 14:08:00	1
1397099205	BTCUSDT	30135.43	0.09000	2022-06-09 14:08:00	0
1397099206	BTCUSDT	30135.43	0.05000	2022-06-09 14:08:00	0
1397099207	BTCUSDT	30135.43	0.18000	2022-06-09 14:08:00	0
1397099208	BTCUSDT	30135.42	0.08673	2022-06-09 14:08:00	1
1397099209	BTCUSDT	30135.38	0.00058	2022-06-09 14:08:00	1
1397099210	BTCUSDT	30135.33	0.18969	2022-06-09 14:08:00	1
1397099211	BTCUSDT	30135.33	0.18890	2022-06-09 14:08:00	1
1397099212	BTCUSDT	30135.33	0.19940	2022-06-09 14:08:00	1
1397099213	BTCUSDT	30135.33	0.02451	2022-06-09 14:08:00	1
1397099214	BTCUSDT	30135.33	0.17212	2022-06-09 14:08:00	1
1397099215	BTCUSDT	30135.33	0.19674	2022-06-09 14:08:00	1
1397099216	BTCUSDT	30134.27	0.18983	2022-06-09 14:08:00	1
1397099217	BTCUSDT	30134.27	0.18866	2022-06-09 14:08:00	1
1397099218	BTCUSDT	30133.21	0.31771	2022-06-09 14:08:00	1
1397099219	BTCUSDT	30132.99	0.00788	2022-06-09 14:08:00	1
1397099220	BTCUSDT	30130.80	0.00036	2022-06-09 14:08:00	0
1397099221	BTCUSDT	30130.80	0.00130	2022-06-09 14:08:00	0
1397099222	BTCUSDT	30130.80	0.00166	2022-06-09 14:08:00	0
1397099223	BTCUSDT	30130.80	0.03671	2022-06-09 14:08:00	0
1397099224	BTCUSDT	30130.80	0.00114	2022-06-09 14:08:00	0
1397099225	BTCUSDT	30130.79	0.03309	2022-06-09 14:08:01	1
1397099226	BTCUSDT	30130.79	0.02723	2022-06-09 14:08:01	1
1397099227	BTCUSDT	30130.79	0.01600	2022-06-09 14:08:01	1
1397099228	BTCUSDT	30130.79	0.87533	2022-06-09 14:08:01	1
1397099229	BTCUSDT	30130.79	0.12907	2022-06-09 14:08:01	1
1397099230	BTCUSDT	30130.79	0.00070	2022-06-09 14:08:01	1
1397099231	BTCUSDT	30130.79	0.09000	2022-06-09 14:08:01	1
1397099232	BTCUSDT	30130.73	0.01480	2022-06-09 14:08:01	1
1397099233	BTCUSDT	30130.65	0.00812	2022-06-09 14:08:01	1
1397099234	BTCUSDT	30130.59	0.02004	2022-06-09 14:08:01	1
1397099235	BTCUSDT	30130.02	0.00924	2022-06-09 14:08:01	1
1397099236	BTCUSDT	30130.01	0.00090	2022-06-09 14:08:01	1
1397099237	BTCUSDT	30129.63	0.00077	2022-06-09 14:08:01	1
1397099238	BTCUSDT	30129.03	0.00058	2022-06-09 14:08:01	1
1397099239	BTCUSDT	30128.55	0.00060	2022-06-09 14:08:01	1
1397099240	BTCUSDT	30128.15	0.00058	2022-06-09 14:08:01	1
1397099241	BTCUSDT	30127.92	0.00081	2022-06-09 14:08:01	1
1397099242	BTCUSDT	30127.13	0.00818	2022-06-09 14:08:01	0
1397099243	BTCUSDT	30127.12	0.00081	2022-06-09 14:08:01	1
1397099244	BTCUSDT	30127.12	0.00081	2022-06-09 14:08:02	1
1397099245	BTCUSDT	30127.13	0.00152	2022-06-09 14:08:02	0
1397099246	BTCUSDT	30127.12	0.00080	2022-06-09 14:08:02	1
1397099247	BTCUSDT	30127.12	0.01098	2022-06-09 14:08:02	1
1397099248	BTCUSDT	30127.12	0.03309	2022-06-09 14:08:02	1
1397099249	BTCUSDT	30127.13	0.00055	2022-06-09 14:08:03	0
1397099250	BTCUSDT	30127.12	0.00065	2022-06-09 14:08:03	1
1397099251	BTCUSDT	30127.12	0.02600	2022-06-09 14:08:05	1
1397099252	BTCUSDT	30127.12	0.01600	2022-06-09 14:08:05	1
1397099253	BTCUSDT	30127.13	0.00147	2022-06-09 14:08:07	0
1397099254	BTCUSDT	30127.12	0.00263	2022-06-09 14:08:07	1
1397099255	BTCUSDT	30127.13	0.00370	2022-06-09 14:08:07	0
1397099256	BTCUSDT	30127.13	0.00242	2022-06-09 14:08:07	0
1397099257	BTCUSDT	30127.12	0.20000	2022-06-09 14:08:07	1
1397099258	BTCUSDT	30127.12	0.00904	2022-06-09 14:08:07	1
1397099259	BTCUSDT	30127.12	0.01600	2022-06-09 14:08:07	1
1397099260	BTCUSDT	30127.12	0.02496	2022-06-09 14:08:07	1
1397099261	BTCUSDT	30127.12	0.02055	2022-06-09 14:08:07	1
1397099262	BTCUSDT	30127.12	0.02055	2022-06-09 14:08:07	1
1397099263	BTCUSDT	30127.12	0.00074	2022-06-09 14:08:07	1
1397099264	BTCUSDT	30127.12	0.06229	2022-06-09 14:08:07	1
1397099265	BTCUSDT	30127.12	0.06576	2022-06-09 14:08:07	1
1397099266	BTCUSDT	30127.12	0.00066	2022-06-09 14:08:07	1
1397099267	BTCUSDT	30127.10	0.01221	2022-06-09 14:08:07	1
1397099268	BTCUSDT	30126.66	0.01000	2022-06-09 14:08:07	1
1397099269	BTCUSDT	30126.66	0.08436	2022-06-09 14:08:07	1
1397099270	BTCUSDT	30126.28	0.00041	2022-06-09 14:08:07	1
1397099271	BTCUSDT	30125.94	0.00072	2022-06-09 14:08:07	1
1397099272	BTCUSDT	30125.70	0.06284	2022-06-09 14:08:07	1
1397099273	BTCUSDT	30125.71	0.00154	2022-06-09 14:08:08	0
1397099274	BTCUSDT	30125.70	0.07049	2022-06-09 14:08:08	1
1397099275	BTCUSDT	30125.70	0.19257	2022-06-09 14:08:08	1
1397099276	BTCUSDT	30125.70	0.26152	2022-06-09 14:08:08	1
1397099277	BTCUSDT	30125.70	0.26418	2022-06-09 14:08:08	1
1397099278	BTCUSDT	30125.70	0.03735	2022-06-09 14:08:08	1
1397099279	BTCUSDT	30125.70	0.26910	2022-06-09 14:08:08	1
1397099280	BTCUSDT	30125.70	0.28961	2022-06-09 14:08:08	1
1397099281	BTCUSDT	30125.70	0.00131	2022-06-09 14:08:08	1
1397099282	BTCUSDT	30125.70	0.24083	2022-06-09 14:08:08	1
1397099283	BTCUSDT	30125.70	0.01600	2022-06-09 14:08:08	1
1397099284	BTCUSDT	30125.70	0.01170	2022-06-09 14:08:08	1
1397099285	BTCUSDT	30125.70	0.00001	2022-06-09 14:08:08	1
1397099286	BTCUSDT	30125.70	0.14611	2022-06-09 14:08:08	1
1397099287	BTCUSDT	30125.70	0.00001	2022-06-09 14:08:08	1
1397099288	BTCUSDT	30125.70	0.00879	2022-06-09 14:08:08	1
1397099289	BTCUSDT	30125.70	0.00001	2022-06-09 14:08:08	1
1397099290	BTCUSDT	30125.70	0.01600	2022-06-09 14:08:08	1
1397099291	BTCUSDT	30125.68	0.00879	2022-06-09 14:08:08	1
1397099292	BTCUSDT	30125.68	0.00092	2022-06-09 14:08:08	1
1397099293	BTCUSDT	30125.68	0.26549	2022-06-09 14:08:08	1
1397099294	BTCUSDT	30125.68	0.00632	2022-06-09 14:08:08	1
1397099295	BTCUSDT	30125.68	0.16357	2022-06-09 14:08:08	1
1397099296	BTCUSDT	30125.68	0.26241	2022-06-09 14:08:08	1
1397099297	BTCUSDT	30125.67	0.01701	2022-06-09 14:08:08	1
1397099298	BTCUSDT	30125.67	0.00001	2022-06-09 14:08:09	1
1397099299	BTCUSDT	30125.67	0.00640	2022-06-09 14:08:09	1
1397099300	BTCUSDT	30125.67	0.01599	2022-06-09 14:08:09	1
1397099301	BTCUSDT	30125.67	0.00001	2022-06-09 14:08:09	1
1397099302	BTCUSDT	30125.67	0.00122	2022-06-09 14:08:09	1
1397099303	BTCUSDT	30125.67	0.00517	2022-06-09 14:08:09	1
1397099304	BTCUSDT	30125.67	0.00001	2022-06-09 14:08:09	1
1397099305	BTCUSDT	30125.50	0.00516	2022-06-09 14:08:09	1
1397099306	BTCUSDT	30125.50	0.25717	2022-06-09 14:08:09	1
1397099307	BTCUSDT	30125.50	0.28604	2022-06-09 14:08:09	1
1397099308	BTCUSDT	30125.50	0.00632	2022-06-09 14:08:09	1
1397099309	BTCUSDT	30125.50	0.00632	2022-06-09 14:08:09	1
1397099310	BTCUSDT	30125.50	0.01600	2022-06-09 14:08:09	1
1397099311	BTCUSDT	30125.49	0.01211	2022-06-09 14:08:09	1
1397099312	BTCUSDT	30125.32	0.00228	2022-06-09 14:08:09	1
1397099313	BTCUSDT	30124.76	0.00080	2022-06-09 14:08:09	1
1397099314	BTCUSDT	30124.69	0.02004	2022-06-09 14:08:09	1
1397099315	BTCUSDT	30124.63	0.00194	2022-06-09 14:08:09	1
1397099316	BTCUSDT	30124.32	0.00270	2022-06-09 14:08:09	1
1397099317	BTCUSDT	30124.00	0.20199	2022-06-09 14:08:09	1
1397099318	BTCUSDT	30123.52	0.00066	2022-06-09 14:08:09	1
1397099319	BTCUSDT	30123.43	0.00068	2022-06-09 14:08:09	1
1397099320	BTCUSDT	30123.42	0.00011	2022-06-09 14:08:09	1
1397099321	BTCUSDT	30123.42	0.08340	2022-06-09 14:08:09	1
1397099322	BTCUSDT	30123.22	0.00049	2022-06-09 14:08:09	1
1397099323	BTCUSDT	30123.18	0.01954	2022-06-09 14:08:09	1
1397099324	BTCUSDT	30123.18	0.00065	2022-06-09 14:08:09	1
1397099325	BTCUSDT	30123.14	0.00072	2022-06-09 14:08:09	1
1397099326	BTCUSDT	30123.13	0.00072	2022-06-09 14:08:09	1
1397099327	BTCUSDT	30122.57	0.00280	2022-06-09 14:08:09	1
1397099328	BTCUSDT	30122.53	0.00058	2022-06-09 14:08:09	1
1397099329	BTCUSDT	30122.52	0.08001	2022-06-09 14:08:09	1
1397099330	BTCUSDT	30122.53	0.00841	2022-06-09 14:08:09	0
1397099331	BTCUSDT	30122.52	0.23580	2022-06-09 14:08:09	1
1397099332	BTCUSDT	30122.44	0.02670	2022-06-09 14:08:09	1
1397099333	BTCUSDT	30122.18	0.02011	2022-06-09 14:08:09	1
1397099334	BTCUSDT	30122.07	0.00039	2022-06-09 14:08:10	1
1397099335	BTCUSDT	30122.06	0.00038	2022-06-09 14:08:10	1
1397099336	BTCUSDT	30121.98	0.01162	2022-06-09 14:08:10	1
1397099337	BTCUSDT	30121.61	0.00066	2022-06-09 14:08:10	1
1397099338	BTCUSDT	30120.99	0.22274	2022-06-09 14:08:10	1
1397099339	BTCUSDT	30120.99	0.01014	2022-06-09 14:08:10	1
1397099340	BTCUSDT	30121.00	0.00801	2022-06-09 14:08:10	0
1397099341	BTCUSDT	30121.00	0.00150	2022-06-09 14:08:10	0
1397099342	BTCUSDT	30121.00	0.00142	2022-06-09 14:08:10	0
1397099343	BTCUSDT	30121.00	0.00046	2022-06-09 14:08:10	0
1397099344	BTCUSDT	30120.99	0.01600	2022-06-09 14:08:10	1
1397099345	BTCUSDT	30120.99	0.00801	2022-06-09 14:08:10	1
1397099346	BTCUSDT	30120.94	0.01976	2022-06-09 14:08:10	1
1397099347	BTCUSDT	30120.84	0.00073	2022-06-09 14:08:10	1
1397099348	BTCUSDT	30120.84	0.07550	2022-06-09 14:08:10	1
1397099349	BTCUSDT	30120.84	0.12000	2022-06-09 14:08:10	1
1397099350	BTCUSDT	30120.84	0.12000	2022-06-09 14:08:10	1
1397099351	BTCUSDT	30120.78	0.00324	2022-06-09 14:08:10	0
1397099352	BTCUSDT	30120.78	0.00258	2022-06-09 14:08:11	0
1397099353	BTCUSDT	30120.77	0.01069	2022-06-09 14:08:11	1
1397099354	BTCUSDT	30120.77	0.00050	2022-06-09 14:08:12	1
1397099355	BTCUSDT	30120.77	0.00481	2022-06-09 14:08:12	1
1397099356	BTCUSDT	30120.77	0.00182	2022-06-09 14:08:12	1
1397099357	BTCUSDT	30120.78	0.00067	2022-06-09 14:08:12	0
1397099358	BTCUSDT	30120.78	0.00107	2022-06-09 14:08:12	0
1397099359	BTCUSDT	30120.77	0.00156	2022-06-09 14:08:13	1
1397099360	BTCUSDT	30120.77	0.00640	2022-06-09 14:08:13	1
1397099361	BTCUSDT	30120.77	0.00796	2022-06-09 14:08:13	1
1397099362	BTCUSDT	30120.78	0.00079	2022-06-09 14:08:13	0
1397099363	BTCUSDT	30120.77	0.00086	2022-06-09 14:08:13	1
1397099364	BTCUSDT	30120.77	0.00561	2022-06-09 14:08:13	1
1397099365	BTCUSDT	30120.77	0.01017	2022-06-09 14:08:13	1
1397099366	BTCUSDT	30120.77	0.03737	2022-06-09 14:08:13	1
1397099367	BTCUSDT	30120.77	0.01160	2022-06-09 14:08:13	1
1397099368	BTCUSDT	30120.78	0.00153	2022-06-09 14:08:14	0
1397099369	BTCUSDT	30120.77	0.00114	2022-06-09 14:08:14	1
1397099370	BTCUSDT	30120.78	0.03280	2022-06-09 14:08:14	0
1397099371	BTCUSDT	30120.77	0.00326	2022-06-09 14:08:14	1
1397099372	BTCUSDT	30120.77	0.00898	2022-06-09 14:08:14	1
1397099373	BTCUSDT	30120.77	0.00165	2022-06-09 14:08:15	1
1397099374	BTCUSDT	30120.77	0.01080	2022-06-09 14:08:16	1
1397099375	BTCUSDT	30120.78	0.00056	2022-06-09 14:08:16	0
1397099376	BTCUSDT	30120.77	0.00040	2022-06-09 14:08:17	1
1397099377	BTCUSDT	30120.77	0.00053	2022-06-09 14:08:18	1
1397099378	BTCUSDT	30120.78	0.00339	2022-06-09 14:08:18	0
1397099379	BTCUSDT	30120.78	0.00155	2022-06-09 14:08:19	0
1397099380	BTCUSDT	30120.78	0.00055	2022-06-09 14:08:19	0
1397099381	BTCUSDT	30120.78	0.02179	2022-06-09 14:08:19	0
1397099382	BTCUSDT	30120.78	0.00050	2022-06-09 14:08:19	0
1397099383	BTCUSDT	30120.80	0.02179	2022-06-09 14:08:19	0
1397099384	BTCUSDT	30120.81	0.00100	2022-06-09 14:08:19	0
1397099385	BTCUSDT	30120.81	0.01600	2022-06-09 14:08:19	0
1397099386	BTCUSDT	30122.01	0.00450	2022-06-09 14:08:19	0
1397099387	BTCUSDT	30122.01	0.00450	2022-06-09 14:08:19	0
1397099388	BTCUSDT	30122.49	0.00472	2022-06-09 14:08:19	0
1397099389	BTCUSDT	30122.96	0.00730	2022-06-09 14:08:19	0
1397099390	BTCUSDT	30122.97	0.75942	2022-06-09 14:08:19	0
1397099391	BTCUSDT	30123.46	0.00450	2022-06-09 14:08:19	0
1397099392	BTCUSDT	30123.46	0.00450	2022-06-09 14:08:19	0
1397099393	BTCUSDT	30123.65	0.01000	2022-06-09 14:08:19	0
1397099394	BTCUSDT	30124.68	0.47288	2022-06-09 14:08:19	0
1397099395	BTCUSDT	30124.91	0.00450	2022-06-09 14:08:19	0
1397099396	BTCUSDT	30124.91	0.00450	2022-06-09 14:08:19	0
1397099397	BTCUSDT	30125.70	0.02000	2022-06-09 14:08:19	0
1397099398	BTCUSDT	30126.32	0.20193	2022-06-09 14:08:19	0
1397099399	BTCUSDT	30126.36	0.00450	2022-06-09 14:08:19	0
1397099400	BTCUSDT	30126.36	0.00450	2022-06-09 14:08:19	0
1397099401	BTCUSDT	30126.99	1.21154	2022-06-09 14:08:19	0
1397099402	BTCUSDT	30126.99	0.54883	2022-06-09 14:08:19	0
1397099403	BTCUSDT	30127.12	0.30039	2022-06-09 14:08:19	0
1397099404	BTCUSDT	30127.13	0.33224	2022-06-09 14:08:19	0
1397099405	BTCUSDT	30127.14	0.16611	2022-06-09 14:08:19	0
1397099406	BTCUSDT	30127.17	0.00182	2022-06-09 14:08:19	0
1397099407	BTCUSDT	30127.50	0.01973	2022-06-09 14:08:19	0
1397099408	BTCUSDT	30127.81	0.00450	2022-06-09 14:08:19	0
1397099409	BTCUSDT	30127.81	0.00450	2022-06-09 14:08:19	0
1397099410	BTCUSDT	30127.82	0.00142	2022-06-09 14:08:19	1
1397099411	BTCUSDT	30127.83	0.00035	2022-06-09 14:08:19	0
1397099412	BTCUSDT	30127.99	0.40816	2022-06-09 14:08:19	0
1397099413	BTCUSDT	30127.99	0.00090	2022-06-09 14:08:19	0
1397099414	BTCUSDT	30128.53	0.26648	2022-06-09 14:08:20	1
1397099415	BTCUSDT	30128.53	0.06557	2022-06-09 14:08:20	1
1397099416	BTCUSDT	30128.53	0.18443	2022-06-09 14:08:20	1
1397099417	BTCUSDT	30128.53	0.14762	2022-06-09 14:08:20	1
1397099418	BTCUSDT	30128.53	0.03501	2022-06-09 14:08:20	1
1397099419	BTCUSDT	30128.53	0.06737	2022-06-09 14:08:20	1
1397099420	BTCUSDT	30128.53	0.06642	2022-06-09 14:08:20	1
1397099421	BTCUSDT	30128.53	0.14301	2022-06-09 14:08:20	1
1397099422	BTCUSDT	30128.53	0.02916	2022-06-09 14:08:20	1
1397099423	BTCUSDT	30128.53	0.10126	2022-06-09 14:08:20	1
1397099424	BTCUSDT	30128.53	0.11264	2022-06-09 14:08:20	1
1397099425	BTCUSDT	30128.53	0.03610	2022-06-09 14:08:20	1
1397099426	BTCUSDT	30128.53	0.00475	2022-06-09 14:08:20	1
1397099427	BTCUSDT	30127.98	0.01580	2022-06-09 14:08:20	1
1397099428	BTCUSDT	30127.98	0.00670	2022-06-09 14:08:20	1
1397099429	BTCUSDT	30127.80	0.01000	2022-06-09 14:08:20	1
1397099430	BTCUSDT	30127.37	0.02601	2022-06-09 14:08:20	1
1397099431	BTCUSDT	30125.65	0.00332	2022-06-09 14:08:20	1
1397099432	BTCUSDT	30125.60	0.14389	2022-06-09 14:08:20	1
1397099433	BTCUSDT	30123.50	0.08434	2022-06-09 14:08:20	1
1397099434	BTCUSDT	30122.46	0.00186	2022-06-09 14:08:20	1
1397099435	BTCUSDT	30121.39	0.00730	2022-06-09 14:08:20	1
1397099436	BTCUSDT	30121.38	0.05266	2022-06-09 14:08:20	1
1397099437	BTCUSDT	30121.39	0.00151	2022-06-09 14:08:20	0
1397099438	BTCUSDT	30121.39	0.03449	2022-06-09 14:08:20	0
1397099439	BTCUSDT	30121.39	0.03400	2022-06-09 14:08:20	0
1397099440	BTCUSDT	30121.39	0.03700	2022-06-09 14:08:20	0
1397099441	BTCUSDT	30121.39	0.16809	2022-06-09 14:08:20	0
1397099442	BTCUSDT	30121.38	0.01723	2022-06-09 14:08:20	1
1397099443	BTCUSDT	30121.39	0.01111	2022-06-09 14:08:20	0
1397099444	BTCUSDT	30121.38	0.00079	2022-06-09 14:08:20	1
1397099445	BTCUSDT	30121.38	0.00634	2022-06-09 14:08:21	1
1397099446	BTCUSDT	30121.38	0.00590	2022-06-09 14:08:21	1
1397099447	BTCUSDT	30121.38	0.54393	2022-06-09 14:08:21	1
1397099448	BTCUSDT	30121.38	0.00332	2022-06-09 14:08:21	1
1397099449	BTCUSDT	30121.38	1.41374	2022-06-09 14:08:21	1
1397099450	BTCUSDT	30121.39	0.00891	2022-06-09 14:08:21	0
1397099451	BTCUSDT	30121.38	0.50755	2022-06-09 14:08:22	1
1397099452	BTCUSDT	30121.38	0.01580	2022-06-09 14:08:22	1
1397099453	BTCUSDT	30121.38	0.62099	2022-06-09 14:08:22	1
1397099454	BTCUSDT	30121.38	0.00222	2022-06-09 14:08:22	1
1397099455	BTCUSDT	30121.38	0.00332	2022-06-09 14:08:22	1
1397099456	BTCUSDT	30121.38	1.41356	2022-06-09 14:08:22	1
1397099457	BTCUSDT	30121.38	0.14300	2022-06-09 14:08:22	1
1397099458	BTCUSDT	30121.34	0.00240	2022-06-09 14:08:22	1
1397099459	BTCUSDT	30120.78	0.00153	2022-06-09 14:08:22	1
1397099460	BTCUSDT	30120.77	0.05298	2022-06-09 14:08:22	1
1397099461	BTCUSDT	30120.77	0.01600	2022-06-09 14:08:22	1
1397099462	BTCUSDT	30120.77	0.00234	2022-06-09 14:08:22	1
1397099463	BTCUSDT	30120.77	0.02846	2022-06-09 14:08:22	1
1397099464	BTCUSDT	30120.77	0.07132	2022-06-09 14:08:22	1
1397099465	BTCUSDT	30120.69	0.00067	2022-06-09 14:08:22	1
1397099466	BTCUSDT	30120.69	0.00058	2022-06-09 14:08:22	1
1397099467	BTCUSDT	30120.68	0.24875	2022-06-09 14:08:22	1
1397099468	BTCUSDT	30120.68	0.25000	2022-06-09 14:08:22	1
1397099469	BTCUSDT	30120.68	0.60000	2022-06-09 14:08:22	1
1397099470	BTCUSDT	30120.68	0.22670	2022-06-09 14:08:22	1
1397099471	BTCUSDT	30120.09	0.00034	2022-06-09 14:08:22	1
1397099472	BTCUSDT	30120.00	0.00342	2022-06-09 14:08:22	1
1397099473	BTCUSDT	30120.00	0.10401	2022-06-09 14:08:23	1
1397099474	BTCUSDT	30120.00	0.00038	2022-06-09 14:08:23	1
1397099475	BTCUSDT	30119.61	0.00049	2022-06-09 14:08:23	1
1397099476	BTCUSDT	30118.79	0.02004	2022-06-09 14:08:23	1
1397099477	BTCUSDT	30118.78	0.00148	2022-06-09 14:08:23	1
1397099478	BTCUSDT	30118.63	0.00057	2022-06-09 14:08:23	1
1397099479	BTCUSDT	30118.44	0.00177	2022-06-09 14:08:23	1
1397099480	BTCUSDT	30118.37	0.00453	2022-06-09 14:08:23	1
1397099481	BTCUSDT	30118.19	0.00653	2022-06-09 14:08:23	1
1397099482	BTCUSDT	30118.06	0.00050	2022-06-09 14:08:23	1
1397099483	BTCUSDT	30118.00	0.00049	2022-06-09 14:08:23	1
1397099484	BTCUSDT	30118.00	0.00163	2022-06-09 14:08:23	1
1397099485	BTCUSDT	30118.00	0.00140	2022-06-09 14:08:23	1
1397099486	BTCUSDT	30117.94	0.00059	2022-06-09 14:08:23	1
1397099487	BTCUSDT	30117.78	0.00141	2022-06-09 14:08:23	1
1397099488	BTCUSDT	30117.73	0.00742	2022-06-09 14:08:23	1
1397099489	BTCUSDT	30117.61	0.05553	2022-06-09 14:08:23	1
1397099490	BTCUSDT	30117.62	0.00044	2022-06-09 14:08:23	0
1397099491	BTCUSDT	30117.61	0.27019	2022-06-09 14:08:23	1
1397099492	BTCUSDT	30117.61	0.26864	2022-06-09 14:08:23	1
1397099493	BTCUSDT	30117.62	0.01230	2022-06-09 14:08:24	0
1397099494	BTCUSDT	30117.61	0.47181	2022-06-09 14:08:24	1
1397099495	BTCUSDT	30117.62	0.01360	2022-06-09 14:08:24	0
1397099496	BTCUSDT	30117.61	0.00074	2022-06-09 14:08:25	1
1397099497	BTCUSDT	30117.61	0.00249	2022-06-09 14:08:25	1
1397099498	BTCUSDT	30117.62	0.00055	2022-06-09 14:08:25	0
1397099499	BTCUSDT	30117.62	0.00153	2022-06-09 14:08:26	0
1397099500	BTCUSDT	30117.62	0.05940	2022-06-09 14:08:26	0
1397099501	BTCUSDT	30117.62	0.00060	2022-06-09 14:08:26	0
1397099502	BTCUSDT	30117.62	0.06000	2022-06-09 14:08:26	0
1397099503	BTCUSDT	30117.61	0.00067	2022-06-09 14:08:27	1
1397099504	BTCUSDT	30117.61	0.00830	2022-06-09 14:08:27	1
1397099505	BTCUSDT	30117.61	0.00633	2022-06-09 14:08:27	1
1397099506	BTCUSDT	30117.62	0.00059	2022-06-09 14:08:28	0
1397099507	BTCUSDT	30117.62	0.00193	2022-06-09 14:08:28	0
1397099508	BTCUSDT	30117.61	0.01600	2022-06-09 14:08:29	1
1397099509	BTCUSDT	30117.61	0.46613	2022-06-09 14:08:29	1
1397099510	BTCUSDT	30117.53	0.01295	2022-06-09 14:08:29	1
1397099511	BTCUSDT	30117.46	0.01604	2022-06-09 14:08:29	1
1397099512	BTCUSDT	30116.92	0.00239	2022-06-09 14:08:29	1
1397099513	BTCUSDT	30116.92	0.00761	2022-06-09 14:08:29	1
1397099514	BTCUSDT	30116.86	0.00332	2022-06-09 14:08:29	1
1397099515	BTCUSDT	30116.78	0.00653	2022-06-09 14:08:29	1
1397099516	BTCUSDT	30116.60	0.02250	2022-06-09 14:08:29	1
1397099517	BTCUSDT	30116.60	0.00571	2022-06-09 14:08:29	1
1397099518	BTCUSDT	30116.58	0.00338	2022-06-09 14:08:29	1
1397099519	BTCUSDT	30116.07	0.00760	2022-06-09 14:08:29	1
1397099520	BTCUSDT	30116.07	0.00160	2022-06-09 14:08:30	1
1397099521	BTCUSDT	30116.07	0.00307	2022-06-09 14:08:30	1
1397099522	BTCUSDT	30116.07	0.00332	2022-06-09 14:08:30	1
1397099523	BTCUSDT	30115.94	0.00450	2022-06-09 14:08:30	1
1397099524	BTCUSDT	30115.94	0.00450	2022-06-09 14:08:30	1
1397099525	BTCUSDT	30115.84	0.01002	2022-06-09 14:08:30	1
1397099526	BTCUSDT	30115.00	0.00338	2022-06-09 14:08:30	1
1397099527	BTCUSDT	30114.91	0.00461	2022-06-09 14:08:30	1
1397099528	BTCUSDT	30114.92	0.01612	2022-06-09 14:08:30	0
1397099529	BTCUSDT	30114.92	0.00083	2022-06-09 14:08:30	0
1397099530	BTCUSDT	30114.91	0.00096	2022-06-09 14:08:30	1
1397099531	BTCUSDT	30114.91	0.01600	2022-06-09 14:08:30	1
1397099532	BTCUSDT	30114.67	0.00096	2022-06-09 14:08:30	1
1397099533	BTCUSDT	30113.99	0.03500	2022-06-09 14:08:30	0
1397099534	BTCUSDT	30113.98	0.00450	2022-06-09 14:08:30	1
1397099535	BTCUSDT	30113.98	0.00450	2022-06-09 14:08:30	1
1397099536	BTCUSDT	30112.75	0.00544	2022-06-09 14:08:30	1
1397099537	BTCUSDT	30112.75	0.00001	2022-06-09 14:08:30	1
1397099538	BTCUSDT	30112.72	0.00543	2022-06-09 14:08:30	1
1397099539	BTCUSDT	30112.72	0.00456	2022-06-09 14:08:30	1
1397099540	BTCUSDT	30112.72	0.00001	2022-06-09 14:08:30	1
1397099541	BTCUSDT	30112.70	0.00058	2022-06-09 14:08:30	1
1397099542	BTCUSDT	30112.70	0.00068	2022-06-09 14:08:30	1
1397099543	BTCUSDT	30112.69	0.00329	2022-06-09 14:08:30	1
1397099544	BTCUSDT	30112.69	0.02593	2022-06-09 14:08:30	1
1397099545	BTCUSDT	30112.69	0.00001	2022-06-09 14:08:30	1
1397099546	BTCUSDT	30112.69	0.01599	2022-06-09 14:08:30	1
1397099547	BTCUSDT	30112.70	0.00263	2022-06-09 14:08:30	0
1397099548	BTCUSDT	30112.70	0.00060	2022-06-09 14:08:31	0
1397099549	BTCUSDT	30112.69	0.00001	2022-06-09 14:08:31	1
1397099550	BTCUSDT	30112.02	0.00450	2022-06-09 14:08:31	1
1397099551	BTCUSDT	30112.02	0.00450	2022-06-09 14:08:31	1
1397099552	BTCUSDT	30112.00	0.00458	2022-06-09 14:08:31	1
1397099553	BTCUSDT	30111.90	0.01378	2022-06-09 14:08:31	1
1397099554	BTCUSDT	30111.83	0.00066	2022-06-09 14:08:31	1
1397099555	BTCUSDT	30111.00	0.02667	2022-06-09 14:08:31	1
1397099556	BTCUSDT	30110.97	0.04988	2022-06-09 14:08:31	1
1397099557	BTCUSDT	30110.67	0.00050	2022-06-09 14:08:31	0
1397099558	BTCUSDT	30110.66	0.00332	2022-06-09 14:08:31	1
1397099559	BTCUSDT	30110.55	0.00175	2022-06-09 14:08:31	1
1397099560	BTCUSDT	30110.40	0.40277	2022-06-09 14:08:31	1
1397099561	BTCUSDT	30110.06	0.00450	2022-06-09 14:08:31	1
1397099562	BTCUSDT	30110.06	0.00450	2022-06-09 14:08:31	1
1397099563	BTCUSDT	30109.99	0.01863	2022-06-09 14:08:31	1
1397099564	BTCUSDT	30109.94	0.02004	2022-06-09 14:08:31	1
1397099565	BTCUSDT	30109.86	0.00058	2022-06-09 14:08:31	1
1397099566	BTCUSDT	30108.59	0.00545	2022-06-09 14:08:31	1
1397099567	BTCUSDT	30108.40	0.00051	2022-06-09 14:08:31	1
1397099568	BTCUSDT	30108.10	0.00450	2022-06-09 14:08:31	1
1397099569	BTCUSDT	30108.10	0.00450	2022-06-09 14:08:31	1
1397099570	BTCUSDT	30107.66	0.00132	2022-06-09 14:08:31	0
1397099571	BTCUSDT	30107.65	0.00040	2022-06-09 14:08:31	1
1397099572	BTCUSDT	30107.13	0.00078	2022-06-09 14:08:31	1
1397099573	BTCUSDT	30107.10	0.01890	2022-06-09 14:08:31	1
1397099574	BTCUSDT	30106.94	0.00050	2022-06-09 14:08:31	0
1397099575	BTCUSDT	30106.94	0.00105	2022-06-09 14:08:31	0
1397099576	BTCUSDT	30106.94	0.01519	2022-06-09 14:08:31	0
1397099577	BTCUSDT	30106.94	0.00069	2022-06-09 14:08:31	0
1397099578	BTCUSDT	30106.94	0.00153	2022-06-09 14:08:32	0
1397099579	BTCUSDT	30106.94	0.00155	2022-06-09 14:08:32	0
1397099580	BTCUSDT	30106.93	0.00110	2022-06-09 14:08:32	1
1397099581	BTCUSDT	30106.93	0.00034	2022-06-09 14:08:32	1
1397099582	BTCUSDT	30106.94	0.00070	2022-06-09 14:08:33	0
1397099583	BTCUSDT	30106.94	0.00336	2022-06-09 14:08:33	0
1397099584	BTCUSDT	30106.93	0.01224	2022-06-09 14:08:35	1
1397099585	BTCUSDT	30106.93	0.00342	2022-06-09 14:08:35	1
1397099586	BTCUSDT	30106.93	0.07686	2022-06-09 14:08:35	1
1397099587	BTCUSDT	30106.93	0.00391	2022-06-09 14:08:35	1
1397099588	BTCUSDT	30106.93	0.00544	2022-06-09 14:08:37	1
1397099589	BTCUSDT	30106.93	0.00650	2022-06-09 14:08:37	1
1397099590	BTCUSDT	30106.93	0.01034	2022-06-09 14:08:37	1
1397099591	BTCUSDT	30106.94	0.02250	2022-06-09 14:08:37	0
1397099592	BTCUSDT	30106.94	0.33300	2022-06-09 14:08:37	0
1397099593	BTCUSDT	30106.94	0.11451	2022-06-09 14:08:37	0
1397099594	BTCUSDT	30106.94	0.05061	2022-06-09 14:08:37	0
1397099595	BTCUSDT	30106.94	0.04429	2022-06-09 14:08:37	0
1397099596	BTCUSDT	30106.94	0.25000	2022-06-09 14:08:37	0
1397099597	BTCUSDT	30106.94	0.00035	2022-06-09 14:08:37	0
1397099598	BTCUSDT	30106.94	0.00426	2022-06-09 14:08:37	0
1397099599	BTCUSDT	30106.97	0.01600	2022-06-09 14:08:37	0
1397099600	BTCUSDT	30108.00	0.06419	2022-06-09 14:08:38	0
1397099601	BTCUSDT	30108.03	0.01000	2022-06-09 14:08:38	0
1397099602	BTCUSDT	30109.28	0.00090	2022-06-09 14:08:38	1
1397099603	BTCUSDT	30109.29	0.00450	2022-06-09 14:08:38	0
1397099604	BTCUSDT	30109.29	0.00450	2022-06-09 14:08:38	0
1397099605	BTCUSDT	30109.29	0.01599	2022-06-09 14:08:38	0
1397099606	BTCUSDT	30109.29	0.00001	2022-06-09 14:08:38	0
1397099607	BTCUSDT	30109.29	0.03748	2022-06-09 14:08:38	0
1397099608	BTCUSDT	30109.29	0.01470	2022-06-09 14:08:38	0
1397099609	BTCUSDT	30109.29	0.13150	2022-06-09 14:08:38	0
1397099610	BTCUSDT	30109.29	0.01469	2022-06-09 14:08:38	0
1397099611	BTCUSDT	30109.29	0.01048	2022-06-09 14:08:38	0
1397099612	BTCUSDT	30109.29	0.27483	2022-06-09 14:08:38	0
1397099613	BTCUSDT	30109.29	0.01728	2022-06-09 14:08:38	0
1397099614	BTCUSDT	30109.29	0.15968	2022-06-09 14:08:38	0
1397099615	BTCUSDT	30109.29	1.08608	2022-06-09 14:08:38	0
1397099616	BTCUSDT	30109.29	0.05074	2022-06-09 14:08:38	0
1397099617	BTCUSDT	30109.29	0.01600	2022-06-09 14:08:38	0
1397099618	BTCUSDT	30110.26	0.01000	2022-06-09 14:08:38	0
1397099619	BTCUSDT	30112.06	0.00450	2022-06-09 14:08:38	0
1397099620	BTCUSDT	30112.06	0.00450	2022-06-09 14:08:38	0
1397099621	BTCUSDT	30112.06	0.01599	2022-06-09 14:08:38	0
1397099622	BTCUSDT	30112.05	0.05000	2022-06-09 14:08:39	1
1397099623	BTCUSDT	30112.05	0.03800	2022-06-09 14:08:39	1
1397099624	BTCUSDT	30112.05	0.04000	2022-06-09 14:08:39	1
1397099625	BTCUSDT	30112.05	0.09000	2022-06-09 14:08:39	1
1397099626	BTCUSDT	30112.05	0.12500	2022-06-09 14:08:39	1
1397099627	BTCUSDT	30112.05	0.05500	2022-06-09 14:08:39	1
1397099628	BTCUSDT	30112.05	0.45615	2022-06-09 14:08:39	1
1397099629	BTCUSDT	30112.06	0.00001	2022-06-09 14:08:39	0
1397099630	BTCUSDT	30112.06	0.00049	2022-06-09 14:08:39	0
1397099631	BTCUSDT	30112.06	0.00488	2022-06-09 14:08:39	0
1397099632	BTCUSDT	30112.06	0.19845	2022-06-09 14:08:39	0
1397099633	BTCUSDT	30112.06	0.08231	2022-06-09 14:08:39	0
1397099634	BTCUSDT	30112.06	0.16769	2022-06-09 14:08:39	0
1397099635	BTCUSDT	30112.06	0.03006	2022-06-09 14:08:39	0
1397099636	BTCUSDT	30112.06	0.06702	2022-06-09 14:08:39	0
1397099637	BTCUSDT	30112.06	0.23987	2022-06-09 14:08:39	0
1397099638	BTCUSDT	30112.06	0.25000	2022-06-09 14:08:39	0
1397099639	BTCUSDT	30112.06	0.01599	2022-06-09 14:08:39	0
1397099640	BTCUSDT	30112.06	0.00001	2022-06-09 14:08:39	0
1397099641	BTCUSDT	30112.06	0.05999	2022-06-09 14:08:39	0
1397099642	BTCUSDT	30112.06	0.19001	2022-06-09 14:08:39	0
1397099643	BTCUSDT	30112.06	0.06339	2022-06-09 14:08:39	0
1397099644	BTCUSDT	30112.06	0.14043	2022-06-09 14:08:39	0
1397099645	BTCUSDT	30112.06	0.11260	2022-06-09 14:08:39	0
1397099646	BTCUSDT	30112.06	0.08740	2022-06-09 14:08:39	0
1397099647	BTCUSDT	30112.06	0.12500	2022-06-09 14:08:39	0
1397099648	BTCUSDT	30112.06	0.03256	2022-06-09 14:08:39	0
1397099649	BTCUSDT	30112.06	0.26517	2022-06-09 14:08:39	0
1397099650	BTCUSDT	30112.06	0.06000	2022-06-09 14:08:39	0
1397099651	BTCUSDT	30112.06	0.00035	2022-06-09 14:08:40	0
1397099652	BTCUSDT	30112.06	0.00252	2022-06-09 14:08:40	0
1397099653	BTCUSDT	30112.06	0.00086	2022-06-09 14:08:41	0
1397099654	BTCUSDT	30112.06	0.00084	2022-06-09 14:08:41	0
1397099655	BTCUSDT	30112.06	0.01143	2022-06-09 14:08:42	0
1397099656	BTCUSDT	30112.10	0.00058	2022-06-09 14:08:42	0
1397099657	BTCUSDT	30112.89	0.01002	2022-06-09 14:08:42	0
1397099658	BTCUSDT	30113.04	0.00730	2022-06-09 14:08:42	0
1397099659	BTCUSDT	30113.78	0.00642	2022-06-09 14:08:42	1
1397099660	BTCUSDT	30113.79	0.00450	2022-06-09 14:08:43	0
1397099661	BTCUSDT	30113.79	0.00450	2022-06-09 14:08:43	0
1397099662	BTCUSDT	30115.83	0.00450	2022-06-09 14:08:43	0
1397099663	BTCUSDT	30115.83	0.00450	2022-06-09 14:08:43	0
1397099664	BTCUSDT	30115.84	0.01002	2022-06-09 14:08:43	0
1397099665	BTCUSDT	30116.91	0.00899	2022-06-09 14:08:43	0
1397099666	BTCUSDT	30116.90	0.00918	2022-06-09 14:08:43	1
1397099667	BTCUSDT	30116.91	0.00101	2022-06-09 14:08:43	0
1397099668	BTCUSDT	30117.61	0.00123	2022-06-09 14:08:43	0
1397099669	BTCUSDT	30117.61	0.00331	2022-06-09 14:08:43	0
1397099670	BTCUSDT	30117.62	0.00996	2022-06-09 14:08:43	0
1397099671	BTCUSDT	30117.62	0.01328	2022-06-09 14:08:43	0
1397099672	BTCUSDT	30117.63	0.00379	2022-06-09 14:08:43	1
1397099673	BTCUSDT	30117.64	0.00037	2022-06-09 14:08:43	0
1397099674	BTCUSDT	30117.64	0.00003	2022-06-09 14:08:43	0
1397099675	BTCUSDT	30117.64	0.00462	2022-06-09 14:08:44	0
1397099676	BTCUSDT	30117.63	0.03421	2022-06-09 14:08:44	1
1397099677	BTCUSDT	30117.63	0.00069	2022-06-09 14:08:44	1
1397099678	BTCUSDT	30117.64	0.00332	2022-06-09 14:08:45	0
1397099679	BTCUSDT	30117.64	0.00806	2022-06-09 14:08:45	0
1397099680	BTCUSDT	30117.64	0.00731	2022-06-09 14:08:45	0
1397099681	BTCUSDT	30117.64	0.02142	2022-06-09 14:08:46	0
1397099682	BTCUSDT	30117.63	0.00450	2022-06-09 14:08:46	1
1397099683	BTCUSDT	30117.63	0.03639	2022-06-09 14:08:46	1
1397099684	BTCUSDT	30117.64	0.00050	2022-06-09 14:08:47	0
1397099685	BTCUSDT	30117.64	0.00541	2022-06-09 14:08:47	0
1397099686	BTCUSDT	30117.64	0.00118	2022-06-09 14:08:47	0
1397099687	BTCUSDT	30117.63	0.01093	2022-06-09 14:08:47	1
1397099688	BTCUSDT	30117.63	0.09730	2022-06-09 14:08:47	1
1397099689	BTCUSDT	30117.63	0.03000	2022-06-09 14:08:47	1
1397099690	BTCUSDT	30117.63	0.04999	2022-06-09 14:08:47	1
1397099691	BTCUSDT	30117.63	0.03007	2022-06-09 14:08:47	1
1397099692	BTCUSDT	30117.63	0.16218	2022-06-09 14:08:47	1
1397099693	BTCUSDT	30117.63	0.27312	2022-06-09 14:08:47	1
1397099694	BTCUSDT	30117.63	0.06729	2022-06-09 14:08:48	1
1397099695	BTCUSDT	30117.63	0.01800	2022-06-09 14:08:48	1
1397099696	BTCUSDT	30117.63	0.00103	2022-06-09 14:08:48	1
1397099697	BTCUSDT	30117.63	0.17046	2022-06-09 14:08:48	1
1397099698	BTCUSDT	30117.63	0.12953	2022-06-09 14:08:48	1
1397099699	BTCUSDT	30117.63	0.00001	2022-06-09 14:08:48	1
1397099700	BTCUSDT	30117.63	0.10659	2022-06-09 14:08:48	1
1397099701	BTCUSDT	30117.63	0.00127	2022-06-09 14:08:48	1
1397099702	BTCUSDT	30117.63	0.03836	2022-06-09 14:08:48	1
1397099703	BTCUSDT	30117.63	0.03759	2022-06-09 14:08:48	1
1397099704	BTCUSDT	30117.63	0.20276	2022-06-09 14:08:48	1
1397099705	BTCUSDT	30117.63	0.24926	2022-06-09 14:08:48	1
1397099706	BTCUSDT	30117.63	0.00001	2022-06-09 14:08:48	1
1397099707	BTCUSDT	30117.60	0.01000	2022-06-09 14:08:48	1
1397099708	BTCUSDT	30117.60	0.00100	2022-06-09 14:08:48	1
1397099709	BTCUSDT	30117.53	0.01178	2022-06-09 14:08:48	1
1397099710	BTCUSDT	30117.53	0.00037	2022-06-09 14:08:48	1
1397099711	BTCUSDT	30117.45	0.04608	2022-06-09 14:08:48	1
1397099712	BTCUSDT	30116.83	0.00918	2022-06-09 14:08:48	1
1397099713	BTCUSDT	30116.12	0.14844	2022-06-09 14:08:48	1
1397099714	BTCUSDT	30116.13	0.00312	2022-06-09 14:08:48	0
1397099715	BTCUSDT	30116.13	0.00088	2022-06-09 14:08:48	0
1397099716	BTCUSDT	30116.13	0.00400	2022-06-09 14:08:48	0
1397099717	BTCUSDT	30116.12	0.23778	2022-06-09 14:08:48	1
1397099718	BTCUSDT	30116.13	0.00796	2022-06-09 14:08:48	0
1397099719	BTCUSDT	30116.13	0.00033	2022-06-09 14:08:49	0
1397099720	BTCUSDT	30116.12	0.00001	2022-06-09 14:08:49	1
1397099721	BTCUSDT	30116.12	0.20381	2022-06-09 14:08:49	1
1397099722	BTCUSDT	30116.12	0.00001	2022-06-09 14:08:49	1
1397099723	BTCUSDT	30116.10	0.00481	2022-06-09 14:08:49	1
1397099724	BTCUSDT	30115.93	0.02297	2022-06-09 14:08:49	1
1397099725	BTCUSDT	30115.88	0.13024	2022-06-09 14:08:49	1
1397099726	BTCUSDT	30114.64	0.00538	2022-06-09 14:08:49	0
1397099727	BTCUSDT	30114.63	0.00138	2022-06-09 14:08:49	1
1397099728	BTCUSDT	30114.63	0.00094	2022-06-09 14:08:49	1
1397099729	BTCUSDT	30114.64	0.05277	2022-06-09 14:08:49	0
1397099730	BTCUSDT	30114.64	0.00306	2022-06-09 14:08:50	0
1397099731	BTCUSDT	30114.64	0.07493	2022-06-09 14:08:50	0
1397099732	BTCUSDT	30114.65	0.00089	2022-06-09 14:08:50	0
1397099733	BTCUSDT	30114.67	0.01600	2022-06-09 14:08:50	0
1397099734	BTCUSDT	30114.68	0.00093	2022-06-09 14:08:50	0
1397099735	BTCUSDT	30115.89	0.01000	2022-06-09 14:08:50	0
1397099736	BTCUSDT	30116.11	0.00058	2022-06-09 14:08:50	0
1397099737	BTCUSDT	30116.11	0.00050	2022-06-09 14:08:50	0
1397099738	BTCUSDT	30116.11	0.00037	2022-06-09 14:08:50	0
1397099739	BTCUSDT	30116.11	0.30000	2022-06-09 14:08:50	0
1397099740	BTCUSDT	30116.13	0.60000	2022-06-09 14:08:50	0
1397099741	BTCUSDT	30116.21	0.00037	2022-06-09 14:08:50	0
1397099742	BTCUSDT	30116.53	0.01000	2022-06-09 14:08:50	0
1397099743	BTCUSDT	30116.71	0.00450	2022-06-09 14:08:50	0
1397099744	BTCUSDT	30117.64	0.00878	2022-06-09 14:08:50	0
1397099745	BTCUSDT	30117.64	0.00169	2022-06-09 14:08:50	0
1397099746	BTCUSDT	30118.61	0.00058	2022-06-09 14:08:51	0
1397099747	BTCUSDT	30118.61	0.00050	2022-06-09 14:08:51	0
1397099748	BTCUSDT	30118.61	0.00037	2022-06-09 14:08:51	0
1397099749	BTCUSDT	30118.61	0.14620	2022-06-09 14:08:51	0
1397099750	BTCUSDT	30118.79	0.01002	2022-06-09 14:08:51	0
1397099751	BTCUSDT	30119.13	1.61376	2022-06-09 14:08:51	0
1397099752	BTCUSDT	30119.14	0.00450	2022-06-09 14:08:51	0
1397099753	BTCUSDT	30119.73	0.00038	2022-06-09 14:08:51	0
1397099754	BTCUSDT	30120.40	0.00038	2022-06-09 14:08:51	0
1397099755	BTCUSDT	30120.40	0.00058	2022-06-09 14:08:51	0
1397099756	BTCUSDT	30120.45	0.00432	2022-06-09 14:08:51	0
1397099757	BTCUSDT	30120.50	0.01443	2022-06-09 14:08:51	0
1397099758	BTCUSDT	30120.77	0.00049	2022-06-09 14:08:51	0
1397099759	BTCUSDT	30121.11	0.00450	2022-06-09 14:08:51	0
1397099760	BTCUSDT	30121.38	0.00154	2022-06-09 14:08:51	1
1397099761	BTCUSDT	30121.39	0.00266	2022-06-09 14:08:51	0
1397099762	BTCUSDT	30121.39	0.03900	2022-06-09 14:08:51	0
1397099763	BTCUSDT	30121.39	0.00995	2022-06-09 14:08:51	0
1397099764	BTCUSDT	30121.41	0.00839	2022-06-09 14:08:51	0
1397099765	BTCUSDT	30121.41	0.00235	2022-06-09 14:08:51	0
1397099766	BTCUSDT	30121.41	0.05290	2022-06-09 14:08:51	0
1397099767	BTCUSDT	30121.49	0.00333	2022-06-09 14:08:51	0
1397099768	BTCUSDT	30121.57	0.00450	2022-06-09 14:08:51	0
1397099769	BTCUSDT	30121.73	0.00149	2022-06-09 14:08:52	1
1397099770	BTCUSDT	30121.73	0.00157	2022-06-09 14:08:53	1
1397099771	BTCUSDT	30121.74	0.00420	2022-06-09 14:08:54	0
1397099772	BTCUSDT	30121.74	0.00436	2022-06-09 14:08:54	0
1397099773	BTCUSDT	30121.74	0.00146	2022-06-09 14:08:54	0
1397099774	BTCUSDT	30121.74	0.00380	2022-06-09 14:08:54	0
1397099775	BTCUSDT	30121.74	0.00302	2022-06-09 14:08:54	0
1397099776	BTCUSDT	30121.74	0.01298	2022-06-09 14:08:54	0
1397099777	BTCUSDT	30121.74	0.00422	2022-06-09 14:08:54	0
1397099778	BTCUSDT	30121.74	0.00226	2022-06-09 14:08:54	0
1397099779	BTCUSDT	30121.74	0.00156	2022-06-09 14:08:54	0
1397099780	BTCUSDT	30121.73	0.05000	2022-06-09 14:08:55	1
1397099781	BTCUSDT	30121.73	0.03764	2022-06-09 14:08:55	1
1397099782	BTCUSDT	30121.73	0.17164	2022-06-09 14:08:55	1
1397099783	BTCUSDT	30121.73	0.16052	2022-06-09 14:08:55	1
1397099784	BTCUSDT	30121.73	0.01974	2022-06-09 14:08:55	1
1397099785	BTCUSDT	30121.73	0.03565	2022-06-09 14:08:55	1
1397099786	BTCUSDT	30121.73	0.03453	2022-06-09 14:08:55	1
1397099787	BTCUSDT	30121.73	0.03191	2022-06-09 14:08:55	1
1397099788	BTCUSDT	30121.73	0.02253	2022-06-09 14:08:55	1
1397099789	BTCUSDT	30121.73	0.02500	2022-06-09 14:08:55	1
1397099790	BTCUSDT	30121.73	0.03500	2022-06-09 14:08:55	1
1397099791	BTCUSDT	30121.73	0.07799	2022-06-09 14:08:55	1
1397099792	BTCUSDT	30121.73	0.09000	2022-06-09 14:08:55	1
1397099793	BTCUSDT	30121.73	0.01000	2022-06-09 14:08:55	1
1397099794	BTCUSDT	30121.73	0.14136	2022-06-09 14:08:55	1
1397099795	BTCUSDT	30121.73	0.25468	2022-06-09 14:08:55	1
1397099796	BTCUSDT	30121.73	0.25604	2022-06-09 14:08:55	1
1397099797	BTCUSDT	30121.73	0.25431	2022-06-09 14:08:55	1
1397099798	BTCUSDT	30121.73	0.08972	2022-06-09 14:08:55	1
1397099799	BTCUSDT	30121.74	0.00033	2022-06-09 14:08:55	0
1397099800	BTCUSDT	30121.73	0.21008	2022-06-09 14:08:55	1
1397099801	BTCUSDT	30121.73	0.01350	2022-06-09 14:08:55	1
1397099802	BTCUSDT	30121.73	1.19426	2022-06-09 14:08:55	1
1397099803	BTCUSDT	30121.73	0.01600	2022-06-09 14:08:55	1
1397099804	BTCUSDT	30121.72	0.02365	2022-06-09 14:08:55	1
1397099805	BTCUSDT	30121.53	1.03999	2022-06-09 14:08:55	1
1397099806	BTCUSDT	30121.10	0.00332	2022-06-09 14:08:55	1
1397099807	BTCUSDT	30120.91	0.99647	2022-06-09 14:08:55	1
1397099808	BTCUSDT	30120.91	0.46625	2022-06-09 14:08:55	1
1397099809	BTCUSDT	30120.80	0.00074	2022-06-09 14:08:55	1
1397099810	BTCUSDT	30120.06	0.04100	2022-06-09 14:08:55	1
1397099811	BTCUSDT	30118.79	0.01002	2022-06-09 14:08:55	1
1397099812	BTCUSDT	30118.53	0.08437	2022-06-09 14:08:55	1
1397099813	BTCUSDT	30117.64	0.00420	2022-06-09 14:08:55	1
1397099814	BTCUSDT	30117.64	0.00498	2022-06-09 14:08:55	1
1397099815	BTCUSDT	30117.49	0.00038	2022-06-09 14:08:55	1
1397099816	BTCUSDT	30117.12	0.17710	2022-06-09 14:08:55	1
1397099817	BTCUSDT	30116.44	0.00058	2022-06-09 14:08:55	1
1397099818	BTCUSDT	30116.12	0.00273	2022-06-09 14:08:55	1
1397099819	BTCUSDT	30115.39	0.05000	2022-06-09 14:08:56	1
1397099820	BTCUSDT	30115.39	0.00330	2022-06-09 14:08:56	1
1397099821	BTCUSDT	30115.40	0.00305	2022-06-09 14:08:56	0
1397099822	BTCUSDT	30115.39	0.01600	2022-06-09 14:08:56	1
1397099823	BTCUSDT	30115.39	0.00900	2022-06-09 14:08:56	1
1397099824	BTCUSDT	30115.39	0.01219	2022-06-09 14:08:56	1
1397099825	BTCUSDT	30115.39	0.12500	2022-06-09 14:08:56	1
1397099826	BTCUSDT	30115.39	0.08147	2022-06-09 14:08:56	1
1397099827	BTCUSDT	30115.39	0.64464	2022-06-09 14:08:56	1
1397099828	BTCUSDT	30115.39	0.00778	2022-06-09 14:08:56	1
1397099829	BTCUSDT	30115.33	0.02072	2022-06-09 14:08:56	1
1397099830	BTCUSDT	30115.20	0.00756	2022-06-09 14:08:56	1
1397099831	BTCUSDT	30114.63	0.00127	2022-06-09 14:08:57	1
1397099832	BTCUSDT	30113.33	0.00077	2022-06-09 14:08:57	1
1397099833	BTCUSDT	30112.89	0.00050	2022-06-09 14:08:57	1
1397099834	BTCUSDT	30112.90	0.00034	2022-06-09 14:08:57	0
1397099835	BTCUSDT	30112.89	0.01954	2022-06-09 14:08:57	1
1397099836	BTCUSDT	30112.89	0.00515	2022-06-09 14:08:57	1
1397099837	BTCUSDT	30112.89	0.01600	2022-06-09 14:08:57	1
1397099838	BTCUSDT	30112.80	0.00851	2022-06-09 14:08:57	1
1397099839	BTCUSDT	30112.38	0.01618	2022-06-09 14:08:57	1
1397099840	BTCUSDT	30112.38	0.01600	2022-06-09 14:08:57	1
1397099841	BTCUSDT	30112.38	0.01970	2022-06-09 14:08:57	1
1397099842	BTCUSDT	30112.39	0.00050	2022-06-09 14:08:57	0
1397099843	BTCUSDT	30112.38	0.00326	2022-06-09 14:08:57	1
1397099844	BTCUSDT	30112.39	0.00369	2022-06-09 14:08:57	0
1397099845	BTCUSDT	30112.38	0.01600	2022-06-09 14:08:58	1
1397099846	BTCUSDT	30112.36	0.00148	2022-06-09 14:08:58	1
1397099847	BTCUSDT	30109.95	0.00694	2022-06-09 14:08:58	0
1397099848	BTCUSDT	30109.95	0.00694	2022-06-09 14:08:58	0
1397099849	BTCUSDT	30109.95	0.01170	2022-06-09 14:08:58	0
1397099850	BTCUSDT	30109.95	0.00694	2022-06-09 14:08:58	0
1397099851	BTCUSDT	30109.95	0.00693	2022-06-09 14:08:58	0
1397099852	BTCUSDT	30109.94	0.00166	2022-06-09 14:08:58	1
1397099853	BTCUSDT	30109.95	0.83888	2022-06-09 14:08:58	0
1397099854	BTCUSDT	30109.95	0.44300	2022-06-09 14:08:58	0
1397099855	BTCUSDT	30109.95	0.01348	2022-06-09 14:08:59	0
1397099856	BTCUSDT	30109.94	0.00497	2022-06-09 14:08:59	1
1397099857	BTCUSDT	30109.95	0.00041	2022-06-09 14:08:59	0
1397099858	BTCUSDT	30109.94	0.00081	2022-06-09 14:08:59	1
1397099859	BTCUSDT	30109.95	0.00121	2022-06-09 14:08:59	0
1397099860	BTCUSDT	30109.95	0.00074	2022-06-09 14:08:59	0
1397099861	BTCUSDT	30109.94	0.00067	2022-06-09 14:08:59	1
1397099862	BTCUSDT	30109.95	0.00098	2022-06-09 14:08:59	0
1397099863	BTCUSDT	30109.95	0.00219	2022-06-09 14:08:59	0
1397099864	BTCUSDT	30109.95	0.00077	2022-06-09 14:08:59	0
1397099865	BTCUSDT	30109.95	0.00080	2022-06-09 14:08:59	0
1397099866	BTCUSDT	30109.95	0.00112	2022-06-09 14:08:59	0
1397099867	BTCUSDT	30109.95	0.00806	2022-06-09 14:08:59	0
1397099868	BTCUSDT	30109.95	0.00053	2022-06-09 14:08:59	0
1397099869	BTCUSDT	30109.94	0.00093	2022-06-09 14:08:59	1
1397099870	BTCUSDT	30109.95	0.00055	2022-06-09 14:08:59	0
1397099871	BTCUSDT	30109.94	0.00066	2022-06-09 14:08:59	1
1397099872	BTCUSDT	30109.95	0.00064	2022-06-09 14:08:59	0
1397099873	BTCUSDT	30109.95	0.00077	2022-06-09 14:08:59	0
1397099874	BTCUSDT	30109.94	0.00032	2022-06-09 14:08:59	1
1397099875	BTCUSDT	30109.94	0.00198	2022-06-09 14:08:59	1
1397099876	BTCUSDT	30109.94	0.00117	2022-06-09 14:08:59	1
1397099877	BTCUSDT	30109.94	0.00097	2022-06-09 14:08:59	1
1397099878	BTCUSDT	30109.95	0.00100	2022-06-09 14:08:59	0
1397099879	BTCUSDT	30109.94	0.00078	2022-06-09 14:08:59	1
1397099880	BTCUSDT	30109.95	0.00165	2022-06-09 14:08:59	0
1397099881	BTCUSDT	30109.94	0.00066	2022-06-09 14:08:59	1
1397099882	BTCUSDT	30109.94	0.00047	2022-06-09 14:08:59	1
1397099883	BTCUSDT	30109.94	0.00044	2022-06-09 14:08:59	1
1397099884	BTCUSDT	30109.94	0.00046	2022-06-09 14:08:59	1
1397099885	BTCUSDT	30109.94	0.00060	2022-06-09 14:08:59	1
1397099886	BTCUSDT	30109.94	0.00053	2022-06-09 14:08:59	1
1397099887	BTCUSDT	30109.95	0.00270	2022-06-09 14:08:59	0
1397099888	BTCUSDT	30109.94	0.00098	2022-06-09 14:08:59	1
1397099889	BTCUSDT	30109.94	0.00191	2022-06-09 14:08:59	1
1397099890	BTCUSDT	30109.94	0.00241	2022-06-09 14:08:59	1
1397099891	BTCUSDT	30109.94	0.00150	2022-06-09 14:08:59	1
